., 495

, ΙΙ44 64985

. TV 479995 1766569 2943757 497599 7964959 4945915 1
ζ44444446844144” 45554795 7777 7777.

114 5967655 649971 67769 6959595 4979965 7966449 7946677 1
277 55645446 659656 441 6959747 7974749 7969675 79476 ε
: 5465796 6595999 6765945 6955966 7976599 7979997 4949956 ,³
· 7777 5555 7777 7777 7777 7777 7777·

5991 8694494 6496965 6969957 7969774 7975554 7959699 3

11 5746968 6556855 6894846 6966698 7985449 7478556 74549494
, 57764756 6 542 6896749 6968876 79867 6 749759 745 11 .
45· 57995586 ,5 48888 6899447 8974554 7988886 744449 7257284 ,
654887 6844689 6975 77 7999499 7595484 7958447· 4

= 89656 6875999 697549 7994445 7848588 79697 .

· 5888695 8566588 6849444 6977854 7995845 7485464 74897651.

7 5946944 ,6579966 6844495 6989944 7995598 7486654 74464947 .
5 7777 7777 7777 7777 7777 7777 7:777:

7 6594969 64854 '6988771 7494446 7.192080 74665991;
9916 6994984 6995696 6657465 6999996 7¹03⁶7⁶ 7995459 7967 591 3
95 6947595 ⁶ 55 6649999 6995949 4995559 7994776 796 7745 .
¹¹4¹ 6965466 6699654 664954 64995995 9949 7996999 7969994 ς
97 6965594 6694994 664 45 6994599 49 6994 7997459 7979976 j
9 699954 6699975 664999 6999449 7999457 499495 497995 .
4 6446959 6464599 6859894 7994745 7444986 7499445 7475986)
9. 6959755 6659956164665 4 49955 4995499 7999449 4944497ι;
’99 694494 6-65-5465 6654 9 ,7-„005721 4995594 4999449 - ·

ι5οΙ 612⁶ ιῖ-Τὲἓὲἐ-ῇ '6-’.861566 Q 7.11 3 Wffi
4464

³} 414· 7⁷ 54 4 444454· ⁶777 ⁷:77⁴ ⁷²⁰ ⁴7³ ⁷777 ἶ

7 44844 448444 4446414444, 144448 44464 4441444 2
; 54 65477954 688795 6875996 797 989 7445556 749944 7484974 1
7 5959 7772 77⁹7 ⁷772 ⁷777 ⁷377 ⁷:777 ⁶
54 6645717 ⁶:⁶77 947 6649475 1999958 1996958 4995898 1964566
¹ 55 648 58 66 01 688 232 795 ³² 74496449 7454494 7.285458
, 59 697 59 6884549 688 72 79488. ,86
7,, ,,4,-.-·-,-, ,·-4--ῐ,,,,, ,7,,77 1-4-314· 1-Ξ-ῖξ44 7777
4 7 7:777 7777 77.. 7777 7777 7545 7777
³74⁴ 659 96 64 6999499 7035827 4956695 4999954 7999957
, 6556667 678668 699599 795744 7949499 499594 »4995959
5· 6546555 6799469 699565 5795965 4949949 7994659 4994999

77 7777 747771777777777777 7777} 7:777
. ; 49 6545779 6795999 6995469 7945499 494 445 799499 7997999

³ 51 6595445 8759898 69485747 7949487 7449468 74598847 7499447
’ ;159 64997 ⁶7 495 6999995 7959965 7959956 4959996 7599445
’755 6499 59 649 655 6995699 7959959 7959445 4955559 7599595
11 64979 6449469 6996994 7955 499 7955999 49544 79 4599576
79659595 6546975 6599669 4195 445 ⁶¹⁵8? 7955 75956 94
7 5647575 6759955 6695996 49564 795 7 7957995 7-⁶3o4⁶7
· 56449459 6755769 6955546 7969597 7956559 7956 459799
· 5645 5 6775454 695 954 7969959 499799 795 5 45

9⁶⁴7427Q⁶71 ,5555549967 49 7597769
⁶0 646549616764756 6949647 7 576 96967914949““””6“““46 · ,

Ι
Ι
. munuum

 

