0 0 9833783 23 9989838 2 9939344 9884993
9833806 9969698 4 0030303 9864308 ¹⁹ 50
9833838 00 9969740 40 0030360 9864088 20 40

30 9833833 03 9969783 48 0030337 9864069 19 30
49 9833874 08 9989893 40 9939933 9884949 00 20

- ⁵⁰ 8088080. 2} Q 2} Q 9884999 00 ιο
10,9833333922’99699994ι 0030093 .
99 9833949 9989939 9939949 9883999 3ο

4ο 9833984 08 9989994 48 9939998 9883939 00

39 9833988 00 9979938 40 9999984 9883939

49 9834999 08 9939978 40 9999399 9883939
9834033 ἓξ 9970330 40 0039 80 9863933

—-- ²·--42——---—-19

9334054 Ζ Q o.029838 9863893 0 58

-—--·- 43 --—--——20

9834973 ³ 9939993 9999393 9883879 39
9834999 00 9979943 40 9999733 9883839 00 49
30 9834333 03 9970389 40 0039733 9863833 19 30
49 9834944 00 9979339 40 9999889 9883893 00 99
39 9834983 ζξ 9979333 40 9999893 9883393 00 99

-43-------99

3 Q 43 0'029584 Q 20 ⁰ 57

9834999 9939438 9999349 -

99 9834934 {² 9939399 40 9999399 9883734 49

9834933 2} 9939349 2} 9999438 9883793 {g 39

49 98349 9 9939384 9999498 9883893 20

39 9834399 ξο ΗΜ 00 9999333 9883873 00 10
3 ³ 9979889 ⁴ 9999339 -

---33---43

99 9834347 9939799 9999989 9883838 39

9834339 ζξ 9939333 40 9939943 9883898 00 49
39 9834399 9939398 48 9999994 9883397 08 39
49 9834493 08 9979838 40 9999989 9883377 00 20
30 9834437 00 99708 0 40 0039330 3

3--43

9834489 9939999 9999978 -

---. 33 —- 43
10 9834489 9939984 9993938 · 50
20 9834393 ξξ 9939993 48 999 993 9883498 00 40
30 9834337 ² 9·971049 4} 0038933 9863478 00 30
40 9834339 8 9979999Ι 4 9998 9883439 08 39
50 9834379 00 9939933 40 9998 83 9883439 00 ιο

--33 ·43-----30

9834393 2² Q 0038833 9863439 0 53

--- 43 ------ 99

10 9834637 2 9.971218 0.028782 9863400 50
, 20 9834849 8 9939989 40 9998749 9883389 ²⁰ 40
30 9.834662 {² 9973303 4} 0038698 9863360 00 30
49 9834883 2} 9979344 ⁴2 9998838 9883349 ¹⁹ 4ο
50 9834707 2³ 9973386 23 0.028614 9863333 ²0 10

7 0Q22Q42 00383734-ζὲ 0 53

9834739 2 9939439 903539 9333333 50
20 9834733 2} 9979393 4} 0.028487 9.s⁶32⁶2 99 40
39 9834397 2 9979333 4 9998444 4344444 ²0 30
4⁰ 0840 ²⁰ οἶ 9939393 40 9998493 9883999 00 οο
30 9834843 9973640 43 0038360 9863903 ¹9 10

--···-23·⁸·····-··42

9,834865 9973683 0038338 9863383 ΞΣ 0 ’52

---33---43---

10 9.834887 ² 9.971724 2 0038376 9863363 50
20 9834999 8 9939388 4 9998934 9883943 00 49
3ο 9834933 00 9973808 40 0038393 9863334 09 3ο
40 9834934 00 9939839 48 9998949 9883994 00 20
50 9834933 08 9939893 40 9998993 9883984 00 10

——22———42—

Q 9·97¹935 9998983 9883984 ²⁰ 0 51

42—-—--19

9833999 22 9939933 9998993 9883943 39

9 99 9833944. 2 9939999 40 9993989 9883993 00 49
30 9833067. 22 9973063 1} 0037938 9863003 ἲ 30 .
49 9833989 9939994 9993 98 988998 99
9833333 ἐξ 9973346 40 0037834 9863960 09 10

...- -42

10 0 9833334 9973388 0037833 9863946 ²⁰ 0 50

4ΙΠΙΙΙΙ-ΙΙΕ ξ
460

 

