mwwffiwwfflmmmfflmmw
1111117616681
8488888788866
50 9906 6049 6191 63336476 0618 07⁶⁰ 0901 1044 1186 1318 0 9

5108171318 1450 1611 1754 1896 1037 1179 1311 1461 1604 1745 50
ωιπῶηώἻηψὮηψωυἯωυῇω
888 888888885Η
ssssfflzssfflu7⁶⁶wwmfflw8w
wwfflwwfflw fflwmmwmw
ssowmwwfflwmws μθ
10 818115561191 1430 1569 1707 1846 194 1113 1161 1400 15340
w m2⁶wwwsswssffiw3gssww81fflw
106Η601ωη6044

2mmww ω18ώωῶῧῃ3ὣω
⁶8memmwffimmww

53 0 8036 81758 9509 8446 8581 8719 8855 8991 9118 9164 9400 50
10 9400 71 9808 9944 0080 0116 0351 0 806 1467 6670 4ο

10 8190706088959101 1167 1501 1438 1573 1709 1838019ὼ 111520 30

30 1115 1150 136 111 156 1791 1916 30619 319 3331 36
wwwwwmmmmspwssmffi
4385 4947 508 5888 5750 5435 5889 5757 5 7 88 85

M0WQQ⁶ffQQQfflfflfflfflw
ssmffissffifflffffifflssfflffiss
5⁸⁶vffifffflwfffffffflffimffiss?

π 501011
sosshw³mmmmwmmffimmwm

5w4mwwmmmmmmnsss www
ssafifffffflffwwmfflffihww

6
30 8057 8187 2¹8 8147877 {709 7735 78 85 7793 916 8057 3ο

φ mm⁸91wm⁶7mfflfflffffl fflm
50 ⁸.·.......²¹⁰⁶ 07889 0917 1047 1178 1306 1435 1565 18940113 1953 0 4

56 0 1953 1081 1111 1340 1469 158 1718 1857 1986 3115 3143 50
80 7845 578 5508 7850 7759 7337 4088 4845 4875 4408 470 40
w Η64106065 μπψηω 1οΜ06
30 514 5941 6070 61986 651 6454 6581 67103 65310502
mewuwwffimm9w
ssQssffmwwmmmmwmwoa

5750 0 8 9641 976Ξ 9855 0οέ1 0149 0175 όέ 0519 0656 0781 0909 50
Yffissmmffi¹ffim⁶ffiffifflmss
ffwwfflfflfflmwfflmmffi⁶6mw

40 498 487 4945 508 3 5894 589 444 570 80 5945 10
5945 6070 6196 6311 6446 857188696 6811 89485 7070 7195 0 2

WW3⁶QU⁶WWMWWWW⁶
mffwmmmfflww9wffm
10 96 85 9 9933 0057 0181 0305 0419 051 0676 0 0914 30
30 8130914 1 1171 1195 1419 1541 16 6179 191 106 1160 20
40 1160 1183 1406 81550 1653 1776 1899 3013 314 315 391 10

5598 7585 7837 378 734 4007 4870 4858 4375 449 ²¹ 0 1

-w⁰wfflffifflffff⁶ffssfflffifflfflss

,0ffl5ssmmeQ7fflQmssffip

30 8186 8190 {gg ⁶⁶⁶⁶ 85Ξ38 ⁶694 901 9137 9159 9380 9501 10
,waem6nwfflmwffiwmqffiffww

Mwwmmsswfflww1¹ww

 

 

