,9
5²

{g

59

62
x ⁶³
' 1 64
f 6

 

“ ’ΨΜΜΜΜἛΜΜἫΨ

72
, · 72
73

82
Q

{3

8
6

9Ι

φψψψψψψψψι

94 2628 2679 2649 2679 2670 2680 2692 2702 2722 2722

8277 826 8274 8284 8297 8207 8226 8226 8276 8247
8277 8266 8278 8289 8299 8720 8720 8772 8742 8772
wfflfflwmmmmmw
8466 8477 8487 8498 808 8729 8729 8740 8770 8762 ,
62872 8782 8792 8602 27 82 8674 8644 8677 867
8676 8686 8696 8707 8727 872 8778 8749 8779 8770

880 8790 8802 8822 8822 8872 8847 887 8864 8874
8684 8897 8907 8926 8926 8977 8947 8976 8968 898
6666666662
9246 9276 9266 9277 9287

9298 9208 9229 9229 9279 9270 9260 9272 9282 9292 22 ¹
wffimmmmmmfflwfflffl
mwwWfflwmmwwm‡

⁶mewwfflwmwwmss
1fflwffiwwwfffflwfflm
wwwmwwwwwfflwwffi

⁶ fflwmwwwmwmqff
²0032 0042 0053 0063 0074 0084 0094 0207 0227 0226 9 9=9

 

0240 0272 0262 0272 0282 0292 0707 0727 072 0774
omwQQQMffiwmess
0448 0459 0469 0460 0490 0700 0722 0722 0772 0742
88 322³ 32⁷³ 2233 898 ⁰⁶33 ⁰⁶¹⁵ ⁰⁶²⁵ ⁰⁶³⁶ ⁰⁶⁴⁶
0 0773 07ζῖ 0792 0862 6622 <⁰³32 ἓξ (6ξέ gg& ,

6666666666

0968 0929 0989 2000 2020 2020 2072 2042 2072 2062
2072 2067 2097 ’2204 2224 2224 2277 2247 2276 2266

2280 2292 2702 2722 2722 2772 2742 2777 2767 2774
2787 2794 2407 2427 2426 2476 2446 2477 2467 2477
248 2498 2709 2729 2729 2740 2770 272 2772 272 2 2.0

292 2602 2622 2627 2677 2644 2674 2664 2677 2687

62 2697 2706 2726 2727 2777 2747 2778 2768 277 2789
27992202820287024227226227222297 ·
2907 2927 2924 2974 2944 2977 2967 2976 2986 2996 ,
2007 2027 2027 2078 2048 2079 2069 2079 2090 2200 . ’
2220 2222 2272 2242 2272 2262 2277 227 2297 2204 9, 9.0

2728 2728 2778 2749 2779 2769 2780 2790 2402 2422

8

wmwwmfflmmwwssffl

622772 2742 2777 277 2777 7784 2794 204 22 227
2877 246 2 76 267 277 87 298 2908 292 2929

2979 2949 2960 2970 2980 2992 7002 7022 7022 7072
6666666666

,

42 0¹¹= 1⁰9¹ 10¹¹ 4100'¹=11031'40
46οε2920 41=113320
4170=1q30 420οε2177ο
4280--2940 ·41=11340

4290.-2970 429005227820

 

 

