ngff

” 0 1'‘ 1”Ι1”Ι1” 1”Ι1”Ι1” 0 Ι 9⁰ 110 ” ’

50 0 8917156 7181 71061711 7156 7181 7506 751 75 7 7581 7
7407 7557 7457 77 7577 97559 79959577 9 77759ἓὲ 7 59799577 999

28w
888388888888
massws3m8½m83w8nwoq

51¹ 0 8918658 8685 8708 873 8758 8785 8808 885 8858 8885 8908 50

s mewawm8ffl1w4o

Wmfflfffflffwfflffiffm
wffifflffl88ffl1u89w

9069951 9956 99100066051 6056 0660608 6105 6150 61559 ο 998

&NJWQQQWWQQQQM

276722722527272725053222110 0
0966 0967 0951 09761001 1028 1051 1076 1181 1166 6666 88

’1150 1175 1100 1115 1150 1175 119 1514 15491574 1599 10
wwmwmwwmmwmmw

Ψ- -- *nm*—

ὼωωωψψωψψώωωωωφ
1145 1168 1195 1118 1141 1167 1191 1517 151 166191 50
1591 16 1 1 1466 1490 1515 15 65 169 1614 69
9 164 1 8 1715 178 1765 1766 1611 167 1861 187 10
2887 71911 196 51961 1966 5010 5055 5060 0605065 5109 5154 0 6

swmqffi οΜΜἍΜΜΜΜΜἮἏ5ΜΟ
wi ³8888888888
fffflffiffimmmwmmww
ummmwmmmmwwmmY0
mmmmmmmmmwmwmo5

80Qffl838u88uffimmmfflffssffim0·
88888888888888
888888888888
Qm8⁶mmwm⁷mQMQM
56 o 8956095 6118 6141 6167 6191 6116 61 6165 6189 6514 659 50
10 6596 6588 6411 647 6461 646 6511 655 4 40
10 6564 6888883 655 6658 6666 6707 6751 6756 67 ⁵8805 6650 50
50 6650 6854 6879 6905 6918 6951 6977 7001 7016 7050 7075 10

4⁰ 7075 7099 7774 774 7173 7¹97 7777 7746 7171 7195 7320 10
50 732—-0— 7744 7779 7797 747 7447 7477 7497 7577 7540 7575 0 3

17111585115895169991558 1865 ⁷83 19999911 7⁶1 181 919519
60 655 6105 611 6151 6177 6101 6116Ι815030 8175 8199 50
5959199 8199 8514 854 871 8597 8411 8446 8470 8495 8519 8544 10

868 89148617 1 8666 8690 8715Ι 8759 876 8788 10
50 8—7-88 811 857 8861 8866 8910 8934 8959Ι8965 9006 9051 0 2

ῦμωψψμψΜψψψψψωψψφ
w ΜΨΜΜΨΨἪΜΙΜἪΨὝ
01οἫ9ΜοἊ9μ9ωψηῳω1
m888ffl88888888

50 0151 0175 0500 0514 054 Ιο575 0597 0411 0446 0470 0494 0 7

59 0 9998940499 0519 0555 99567 0591 316 Ξὲο 0660689 0715999999 07 50
60 67561 617162 8828 ¹088 606 1166 1116 115199666ΞΙ6669509141114 50
1 72 227 222 :33² 225211 ¹³²¹ 2577 2722 27612722127759222722
Ι 57 ¹709 7777 ¹75 777 7 777 7755 7879 7907 797 7957 0 0

,ζ’-,087 1011011111 Ι tw

 

 

