 

ΠΠΙΙΙΙΙΙΙΙΙΙΕΙΞ9 1’1’

WJWWWWWWWWWW
3 Ἥψψψψψωψθώψ

1510 1311 1531 1543 1554 1365 15731588 1599 1610
111131143165416661 168 99110111

{mmmmssw66mNJWWfflWssW

07 1843 185 1866 1833 1888 1899 1910 1911 1931 1943
08 19531 16 193 19 1999 1010 1011 1031 1043 1055
09 106 1077 81099 1110 1111 1131 1143 1155 116

3910 591177 1188 1199 1110 1111 1131 1143 1155 1166 1177

11 1188 1199 1310 1311 1331 1343 1354 1366 1337 71388 11
11 1399 1410 1411 1431 1443 1454 146 5 61433 148 1399 1 12
, ¹3 ²5¹0 ²⁵2¹ 2552 ²543 2554 255 2576 256 2599 ²10

 

14 1611 1631 1643 1654 1665 1636 1687 1698 1310 1311 3 36

{WWWWWW3⁷WWWWW

Ξ86666666661.
19mffl⁶wmmwwmmmj

-n—‘u—-ss-

mwfflwfflmw

21Qffmwmffmmmm
QWWWWWWWWWW·

u ψψωψᾜηΜἫΜΜΜ
66666666666

13 406140 40314083 4094 4105 4116 4113 4138 4139 41⁶0
·’86Ν666666666

mmmmmmmwwmfflw

119669646943
³vflwmwm
n4wmssmwfflmwme2m

6 54 4654 4645 64836 4867 4879 4890 4901 49114913 4934 3 33
166636ωμ6ωωψῃψ95
8Μ5Ἡψφψ

sgfflfflwwwwwwwwl
1 3 ssssffimfflsswwwwssffimyss
F395359754084u254305441545543

...ψ-ῃ* ...-.., ,-,. ----·—-———.—.

¹ 41 5606 5617 5618 5639 5651 5661 5633 5684 5695 596

’9 42 5327 5363 5359 535Ο 5361 53328 5765 57945 5635 523
¹ 45 567565 549590 §7¹5⁸ 56695590459559
sswwfflmmmfflmwwwmss

1 6102 6113 6114 6135 6146
6157 6168 6179 6190 6101 6111 6113 6154 6145 6156

ssffwssfflwpss2ffiwmwffl
666666666666

¹ 3950 596597 6608 6619366530 6641 66513666356674 668516696

1108111100711011.

ψἫ1Μ” w½1m0”
3910= 1 5 10 39100= 10 51 40
w=¹w wum20
ww=mw 663690
ψεηφ ³w=mw

 

224 .

 

