0 7568814 7566816 6 7417568 7465716 7565118 7541566 6 7577668 66
:ffifflfflwfflfflfflss
5 7511515 7565511 7416574 7465851 756768 7544711 7575556 57
4 75115 7576416 7411175 7466611 75 741 7545515 75 5856 56
8 6ῑέἰίἓεί 616888 678ἑὲ6· 87285Ξὲ 8535688 868ἓί8 66186 {i
Ι

7516661 7575165 7415561 7468765 7565766 7547168 7581545 55 .
751618 7575 4 7414555 746547 7516551 754765 7581166 51
5 7516651 7574665 7415147 7476151 7511666 7546561 7581651 51

--.------. ——-—·

16 7515645 7575771 7415557 7476564 7511645 J 7548857 7585161 56
11 7516651 7576656 W 7471615 7511157 ’764666 7585756
11 7511658 7575546 7417515 7471516 7511545 7556665 7584155
15 7511661 757411 7418155 7475655 7515585 755667 7584847 47
14 ί7515664 75 5561 7415684 7475745 7514154 7551176 7585554 46
afflfflfflmfflffiffia
15 7516656 7581551 7451456 7475855 7516165 7555641 7587651 45
mfflffifflffimmfflfflmfflss
20 ffl7-384544 Qlfflffifflffiw ⁵
mfflffiwfflwwfflfflwffi4
15 7551576 6587141 6466685 66666166 6616665 6666665 6656665 67
. ,8ου ,68 ,8457 ‚2060 .'1 7515683056
66 6666666 6668866 6667666 6681666 661116 66676171 7551576 55
16 7554565 7585715 7458551 7481145 751185 7556515 7551565 54
15 7555581 7556585 7455157 7451841 7511551 7558855 7551457 55
wfflfflfflwwwffiffiff
.......1..............-..4....⁷L.⁵...⁵.⁹.³L.³

56 75577 755145 7441445 7484515 7514415 7566655 755565 56
51 7555751 7555 5 7441116 7485664 7515651 7561114 7554555

51 7546715 755444 7441576 7486151 75166 756171 755516 1
55 7541675 7555651 7445715 7486578 7516567 7561565 7555664 17
54 75416551 7556558 7444486 7455665 7516554 7551545 75565158 16
55 75455 755551 7445141 748541 7515555 7565515 755551 55
5 7544555 75514 7445557 7455 75115 75465 75574 4
55 754451 7555665 7446756 7485714 7518867 7554676 7555756 15
5 754446 7555564 744 561 7456555 7515415 75 514 755 1 11
55 7547587 7466741 7446155 7451675 7556651 7565816 755865 11.
46 7548551 4 7461578 8 7445661 7451754 7556671 7566587 7555588 20²
41 7545175 7461411 7445756 7451451 7551151 7566555 7555517 1
41 755611 7465145 7456457 74551515 7551511 7555515 7566446 1
45 7551155 746467 7451145 745575 7551515 75 65 766574 17
44 7551651 7464566 7451587 7454466 7555147 7568667 7661561 16
45 7555657> 746 754 7451756 7455554 7555765 7555555 7555618 15
4 75555 7 56 7455471 745567 7554575 755 5 7 554 14

5· 1 nummu ³

 

45 7554851 7555585 7454111 7456478 7554555 7576565 7665675 15

7555816 7 745451 7457145 755 67 7576555 7665664 12

69 755747 7409030 Q 7.497819 5556555- 7.571500 7.604128 11

· 56 fflffl 7456416 Q 7556851 fflffl 16

51 7558555 7416665 7457161 7455155 755444 7571618 7665175 5
51 75 5516 7411486 7455856 7455811 755 54 7575551 7665657

55 75 456 7411561 745 615 7566487 755864 757555 7666115 7
54 7561555 7415116 745561 7561151 7555171 757415 7666746 6
55 755118 7415518 74 ⁶081 756181 Ι7555856 757475 76557155 5
5 75511 7414755 74 11 756147 ,754647 757545 7 77 4
55 7555555 51555545 7555545 7555555 5 7545515 757555 5655581 5
65 6665516 7417165 6465666 6666466 6661565 6667666 7665556 1
66 7566816 7417568 7465716 Q 7565118 7541566 7577668 5 7665855 6

7ᾼ6ΕΠΜΕΗΜΕΗΠ”

--w ὺ--Ἷ-ΑἪ-ῂήςί- ’.ω-μ

0055890 - ¹

 

 

 

