½⁸‘
ΠΜΕ--ΜΕΕΙ x s

Ι

00 wmssss5wfflm „pffifflzwmm m⁰ 61
99 969 993 9668798 9339979 995666 59
9ο 969 9 4⁶ 9668789 54 9339998 9957956 10 40 5
39 969694 45 9668837 55 933996 9957946 10 39 .
40 9696999 45 9668899 55 9339995 9957936 10 9ο
59 9696974 45 9668947 55 9339953 9957997 19 10

· 1 ⁰AEQQ‡}AEQEJJQEKQWM go 6,

69664 666 6669669 5ο
99 9696399 45 9669999 55 933988 995797 10 4ο
39 9696354 45 9669967 55 933983 9957957 10 39
49 9696499 40 9669999 55 9339775 995797 10 99

696650 666556669665999
j 20 wmw⁴⁵wmv⁵⁵mmw9oem8m0 6
109526554⁵ 666556699668550
99 969649 45 9669449 55 9339554 9957938 10 40
9 995 9 69 6 69 69 99

59 9696795 45 9669696 54 Q 9=957109 13 10.

 

3 03Efflffss'ssssffi'”ssfflfflzffifflfflzm 057

10 9696895 55 9669796 55 9339984 9957989 59
696690 666556669669049
696650 666556669669090
696690966500669966 06
6966 0966600664966 56
554 066645 66655666 666509 ffi
' 6969645 66951666966οωεο
99 9697999 45 9679999 55 939999 9957999 10 49
5066645666556699669059
49 9697999 45 9679999 55 9399799 9957999 ¹⁰ 99
696650 66655669966οᾞῐο

··-···45······“·55

· 5 9 9697399 9679399 9399689 .

9966454 66955669966 6
996600 66655966 666106
696650 666556669669090
4095274045 66655966 669109
696650 66655966 666109

--9·-*ή5-----6

·⁶ 60 666 669 666966 0 Μ
5 99669 566955666966 96
696690 66555966 659106
696650 66955666 669106
4095277504⁵ 66555666966 0
5066645666556699661ξ6
⁷0 6665566654669966959 w
ιο 9697885 55 967999 55 9398968 9956859 ¹⁰ 59 “
9ο 9697999 44 96799 7- 55 93989 9956843 9 40
696640 666556649669059
4ο 9698999 45 9679997 55 9398893 9956893 ¹⁰ 99
5ο 9698964 45 9679959 54 9398749 9956893 ἔξ 99

⁴⁵ &offissfflssffiffl ο, 52

¹45 10 9698954 55 9679369 55 939869 995673 ¹⁰ 59
² 9·⁰ 20 9698999 45 9679496 55 9398554 9956753 ¹⁰ 40
515 996694566654666966 06
410 696690 66955966 666106
ξῗξ 696690 66655966 666 06
ᾖς 9 095283784⁵ 66955966 669509 Μ
5369 99 969849 55 9679689 55 9398399 9956734 ¹⁰ 50 ,
9495 99 9698465 45 9679744 55 9398956 . 6 ¹0
3ο 969859 45 9679-99 55 9398999 9956794 ¹⁰ 30
6966 0 66955666 666109
59 9698699 44 967999 55 9398999 . 66

-—-—w⁵*--½-——-—--m

100 666 666 6669664 0 6

Ἥ ’ 991

 

 

ΙΙΙΙΙΙΕΕΕΕΕΕΞΞΞΞΣΪΪΪΪΪΞΕΙΙΙΙΙΙΙ

 

