⁴ m-mu . .

30 0 9844463 23 9.946808 43 18
10 9844488 9946834 0033449 9874438 3
40 9844344 ²4 994889 44 0033404 9844449 49 40
30 9844339 ²4 9948934 48 0033084 9844400 43 30
4ο 98443 ²4 9.946978 4² 0033044 9874384 4 40
30 9844384 44 9944044 48 0034949 9844383 48 40

--—2³ 42„.-..-.

31 0 9.821407 9.947063 0034934 9844344 ¹} 0 29

-24 42-.-—.

10 9.821431 994740 0034893 9874346 ¹ 30
40 9844433 ζ4 9944443 2 0034834 98443 ¹9 40
’ {3 3333}ssss 23 3:323&ss 2³ 3:333&ss 3:332320 {333
50 9844348 ²4 9944443 2} 0034443 9844434 48 40

32 ⁰ Q 24 9.947318 0034684 Q :g 0 28

10 9844374 :⁴ 9947360 4² 0034640 9874444 30
40 9844398 2} 9944404 2} 0034398 9844493 ’ξ 40
30 9844844 9944443 0034333 9844443 4 30
40 9844843 {4 9944484 4² 0034343 984443 ¹⁹ 40
30 9844889 4 9944330 43 0034440 9844439 {ss 10

.....24-—.42„...-

33 0 9844893 23 9944344 42 0034448 9844444 1 0 27
40 9844746 24 9.947614 0034386 9874404 19 50
40 9844440 9944834 ⁴³ 0034343 9844083 3 40
30 9844484 ζ4 9944899 4² 0034304 984408 4 30
40 9844 88 24 9944444 4ξ 0034438 984404 ¹⁹ 40
30 9.82111 3 9947784 4 0034446 9874047 {3 10

34 0 9844833 {4 9944844 ⁴} 0034443 9844009 0 26
40 984489 ⁴ 9947869 4 0.05211 9873990 ¹9 3ο
40 9844ἐέ ζ4 9947944 4² 0034089 9873974 ¹3 40
30 9844 ³ 9944934 ⁴³ 0034048 9843933 ¹ ³0
40 9844930 ζ4 9944998 ⁴² 0034004 9843934 49 40
30 9844934 4 9948039 ⁴3 0034984 9844943 {9 40

...-.43.....-.44

35 0 9844944 24 9948084 42 0034949 9843898 1} 0 26
40 9844003 ² 9948443 0034877 9873878 30
40 9844043 24 994846 43 0.051834 9873839 ¹9 40
30 9844049 24 9948408 4² 0034494 9843840 43 30
4ο 9844074 3 9948434 4Ξ 0034749 9873844 ¹ 20
30 9844096 ²4 9948493 4 0034707 9873803 ¹9 10

--44--44-----49

36 0 9844440 9948333 0034663 9873784 0 24

10 9844444 :4 9948378 4Ξ 0033644 9873766 ¹8 30
40 9844467 8 9948440 4 0034380 9873743 ¹9 40
30 9844494 {2 9948483 2} 0034334 984344 {3 30
40 984444 9943 J 0034493 9843440 40
1} 0034434 9873694 ¹9 40

30 984443 ²³ 9948348
37 0 Mum 0034440 . 0 23

-..-.24..-.-42-..-..-

ι 40 9844486 2 9948634 0034368 9873633 ¹9 30
· 40 9844309 2} 9948843 ,ᾖ 0034343 9843833 {⁸ 40
⁹ 40 9844333 2 9948444 0034483 9843848 8 30
40 9844334 22 99483080 2} 0034440 9843394 {3 40
30 984434 3 9948 4ῑ4Ζ 0034498 9873379 19 40

38 0 9844404 24 9948844 943 0034436 9873360 19 0 22
10 9844448 9948887. 0034443 9873344 30

¹ 42

 

 

4ο 9844434 ζζ 9948949 4³ 0034044 9843344 {3 40
30 9844473 24 9948974 42 0034048 9873304 19 30
444443 4 4433 4 3334 4444 1 ²0

-43--43

39 0 9844348 24 9949099 2 9030904 -

..- -. ———-—1‹›

40 9844340 9949444 0030839 9843449 30 ·

20 9844 94 ²4 9949484 43 0030846 9873440 ¹9 40

30 9844444 ²³ 9949448 ⁴² 0030444 9843394 ¹3 30 .
. 40 9844844 ζ4 9949488 4² 003044 9843343 ¹ 40

30 9844883 2⁴ 9949344 *ξ 003089 9843334 ¹⁹ 10

40 0”9Τ8ῖῑ”888” ³ 9949333 ⁴ 0030844 *978'533‘35‘1 ¹⁹ 0 20

.-

 

