750 877089 800 909090 850 999499 900 974947 950 977704

779 879640
1 757 87778

753 876795

, 774 877779804

, 75 87947
,97 87577

88

7598 Ξ88848

 

{2} 907877 979 999970 909 974797
444444

907978 874 9794 98 904 976988
878 77 77772 ⁹⁰ 3339
{gg 906874 979 979989 97 607

907499 7

977487 978
809 907949 879 977997 909 978764

700 880894 810 908487 860 974498 910 979049

769 889977
765 887575
784 887997

434
44

769 885376
UO 886497
77¹ 887054
77² 887897
777 888979

³ 774 888749

7788909
777

’99890477
780 899097
'44

7⁸9 897780
784 89498
478 87777

3 78

{11 909099 {2¹ 977007 999 979798
444444

894 990804 864 978794 994 980948
ιε,879 977758 899 957076 979 967477
87 9776908 957578 97 967895
314

977777 869 958079 97 9967969
977795 866 8570 976 9674
899 99794 99020 919 987798
880 997894 870 979799 920 987788
877 97445 877 940078 977 964760
877 97 77 877 940576 977 964757
875 975400 875 947074 975 965707

894 99 997 874 949799 994 989879

6876373647 836 337504 386 366673

87 97506 87 945000 97 967080
{²4 998070 878 947497 998748 ⁹⁶4
99 998777 879 94799 999 989

830 999078 880 944487 930 988487

957 979607 887 94497 6 957 968950
444444

874 909088 884 946479 974 970 47

999688 88 948947 97 979
999908 888 947474 978 979978

979 999797 {⁸ 94994 979 979740
879 99788789 889 490} 389 373868

790 897897 840 994079 890 949790 940 977998

, 799 898978
799 898797
, 797 899977
794 899809
44

, 7999οΜ3 909478
’ 799 909747

841 9²479⁶ 899 949878 949 977790
444444
774 777 49 994 97997894 944 974979
849 996 77 9 979 955999

4⁹34

949 977988

997770 89 979708 948

952792

777 43⁸ 77777

849 998908 899 9-2-97

977 98988 9

957 978787
979 978877

977 979097 ’9 ·

974 4⁸
⁹⁵ 380478 7
3ξέ 44
979 98999 2
960 9⁸²²7² -j
989 989797 2
989 98797
987 98789 7
984 984077
44
989 988794
970 988778 -...33

779 389386 ’
977 98997 3

974 988779 ’
4
979 989897

97 99039
979 99079

980 999998 9

987 997669 ⁴
967 997777

987 999774

989007

994 999999
988 83 97 ,

99 994797 “
989 339768

990 997677

999 998074
999 998799
997 998949

99499788
3343
997998897
99999977

800 907090 850 999499 900 974947 950 977794 1000 000000

uun-mnn-

50'‘= 0ο 77 50
850= 3 53 33
9005 ο 75 0
950 Ε 0 85 50

 

 

 

989470 Δ

 

