onuuuuu⁷e⁹T

51 6476 6484 6494 6500 6508 6546 644 6554 6940 6548
54 ⁶55⁶6646726⁵806886966 66446406648
55 6655 6545 687 859 6867 6875 6685 6694 6699 6707
= ⁵⁴ 2⁷¹⁵ 23²³ 777 23³⁹ 777 770 23⁶³ 23⁷¹ 777 6477
’ 56 736877, 6887 68945 6898 6900 6907 6978 6950 695866 6946

3 59 6954 6964 6970 6978 6986 6994 7004 7010 7048 7046
5 7034 7047 7049 7057 700 5 7075 70⁸¹ 7009 7097 7705
59 7773 7¹21 7¹29 7757 7745 7753 7707 7709 7777 7705

fflwm
mmmmmmmfflwm

546

9Ή9999ΜΜ9999ΜΟ

64ΜΜΜΜΜ999949Η

‘Q 94494449ΜΜΜΜ999ΜΜ

4 9ω99ᾘ4449η99 9496
NNJ⁶7MffiWwwwwmmNJss

4499999999999

45

69 7908 7946 7924 7932 7940 7948 7950 7904 7977 7979 9 7,

wmwmmmmmwwww

. 7 74 8067 8075 8085 8094 8098 8406 8444 8444 845 0 8458

4 74 8446 8454 8464 8470 8478 8486 8494 8404 8440 8448
73 8445 8455 8444 8449 8457 8465 8475 8484 8489 8497

74 8505 8545 8544 85 8557 8544 8554 8560 8568 8576
9μ7μψωῶθῠωψωωω

99999979999
7, 99 8945 8554 85598 8999 8974 8584 8590 8598 8606 8644

844 8650 8658 854 8664 8670 878 8685 8695
m8mwmmmwwmm

7 · 548747 75 8784 8788 8796 8804 8844 8840 8848 8856 8844 8854 7
8188608863887688848891889939078915892389317¹

fflsswwwmwwwmmmm.
¹ w3m⁶wwwff

8
6

2

2

7

ffiwfflwm

544

9 WWmesswwmmmsssts

fflwmwm9wmww9

9²⁵⁶ 92⁶4 9²7² 9280 9287 9495 9505 9544 9319 9327 9 {j

849999μἫ9999799
Qffissffiffiffifffflffifflffiff

'sswfflfflfflwwwwfflww

QWQWWQWQWW92³
”⁹3ff³3ffmfflffl⁹wWQ
94 Wm4mmmm

’449999999999
73 996 9976 994 999¹ ⁹993 0102 ΟΠ
740047 0055 000370070 007 0 044

0446 0454 0444 04 0457 0465 0475 0484 0489 0497
0405 0445 0444 04 0456 0444 0454 0460 046 0476

7 99 0484 029² 0300 0307 0575 0573 0337 0339 0547 0555

54ο”-- 40’”5050
u=1w
578Ξέ88 {⁴⁰⁰{3ijss‘0'
5490345450 54900-45450

4

7

5

 

