 

 

 

 

 

³0 nnnuunnu‘ ‘1³12‘

WWWWWWWWQQQW

Α 00 9543 ’9.5-79--960-5--9650- 9688 9704 9760 9796 9830 9868
00 9904 9940 9977 0003 0049 0085 00000057 0093 0030
¹ 03 08 9066 0300 033 0374 0400 0446 0480 050 0554 0590 37

‘Qffwffwwffwmmwxffl
0666666666600

ΨΜΜΨ
0067 0003 0039 0075 0000 0047 0083 0309 0354 0390 ἒ ζὴ
0406 0460 049 0534 0570 0606 0640 067 0704 0749 {²5⁸⁹

7096

υψψωψωψηωψψωθ
ΙΖΜΨΜἛΜὼψΜΜΜ
1³3Mwww4mwmmmwm3

mefffflwfflwwfflwwG
⁰ 86 68 86 86 68 68 68 86 68 68 ,337

ψψωωψῃᾞψηΜψψτω
·fflfflffifflmmffiffffiffiss

6538 6573 6609 6645 6680

00 6706 6750 6787 6800 6858 6893 6909 6965 7000 7036 · ·
06660066600
1 ,

780 7807 850 888 790 7959 7994 800 8065 8000
05 08 8036 8070 8007 8040 807ἒ 830 8349 8364 8400 8455
06 8490 8506 8560 8597 8630 866 8703 8738 8774 8809

8849 8880 8905 8950 8986 9000 9057 9090 9008 9063 35 ·
'mmmwmwwmwwwffmffi

η

wssQmQWWWWWQwW

08 9905 9940 9976 0000 0046 0080 0007 0050 0087 0003 3106
vwmwmwwmwmm4wwssoww fflf
30 0600 0646 0680 0706 0750 0787 0800 0857 0893 0908 {232
· 0963 0998 0034 0069 0004 0039 0074 0000 0045 0080 7535

005 139 0386 1421 0456 0490 006 0560 059 4 060 ²⁸0
35 09066 0700 077 0770 0808 0843 0878 0903 0948 1933 9¹31.5 ,
36 0008 089 0004 0059 0094 0009 0064 0099 0335 ¹

³'ffiffiffiffiffisswmmu

139wwwmwwwwwwu
mwfflwww

WWQWWWWWWQQ
4122 4057 4090 4006 4060 4096 4770 4366 4400 447 3.

0 μπψ9οψώηῷ4ιψοοωξᾎ

,7 QQQQWQWWQMQ
:fflfflfflfflffiffiffffifflmffiffl

5866 5900 5976 5970 6006 6040 6075 6000 6045 6080 93016

,ᾘᾈᾘΨΜἭᾙΆΨὭ

wffim

0054 0
7 0580 0605 0650 0686

 

67 6700 673 40 6

N„ 0ἰο 0 070 5 6171819 00.

000οΈ 0⁰2o' o‘' 12000‘¹= 3⁰2o' 0¹¹
1210=02010 12100=32140
1220=02020 12200=32320
·003οε00030 0030οι3050
0040εο0040 004000030640

ν ἶ ’ν-τ-ν--κ--ὓ ffl-ss.r.-.÷fflv μ ff„ -......-

 

 

