,·ἸῙΙῙΙῙἙΠΠΠΕΠΠἙΜἫ

w1wwwmwwfflwww
3 mmmmwmmwmmm
3 &mmmwwmmmssuwm8

⁵4MWWQWQQWMM
sufflwwmwwmv4www
s4mwmwwmmw1mmu

sgwfflfflmwfflffiwmm
mm⁶wwwm6mmfflm
54 wfflfflfflfflm⁶memw

fflmwwwwmsmmmwm·

61 5155 5161 5169 5176 5184 5190 5000 5008 5015 5005 8 3
⁶²mewwwfflfflmmffl
⁶3 5309 5367 5335 5336 5340 5343 5356 5364 5376· 5379 2 ι5

w4wmmwfflwmmwwm
5333333333333

’ g} 5601 5609 5657 5645 5650 5660 5668 5676 5684 569163ξ
6 5699 5707 5763 577379 5 377) Ἓξ 5796 5759 57608 579 Ξ {⁶4
9 5777573557935 5 635453 5405347

ffluwfflwwfflwww

71m941wwwwgffiffmw
w19NJ4NJM⁸ ff
73 6089 6097 6105 6110 6100 6108 6156 6144 6151 6159

74 6167 6175 6185 61 6198 6006 6014 6000 6009 6057
79 746045 6055 6060 608 6076 6084 6090 6099 6507 6515
7 wawmfimfflwfflsm

7gwwwmwwwmmw
7 647 6486 6494 6500 6510 6517 5 641 654
79 655-3 6564 6570 6580 6587 6595 6605 6311 6319 6603

m
81 6710 6700 6708 655 6745 675176759 6766 677436 80
80 6906 98 6805 66156801 6809 687 68446 50 6660 1 ο.7
85 6668 6675 6885 6891 6899 690776914 6900 6950 6938 0 1.4

{4wmffiwwwwmfflmffl
umwww7mmmwQfflW5
wmwmwwmssmmm

8 717 7186 7194 οο. 7010 701867005 7055 7041 7²4
ssvhwmmwmmmwfflz
3 mwwmwmmwmlffiwflmwm93

φψψψωψωψ 33
51Ψψ7ᾒᾎᾍῃωψι,
5573 m7⁶4wmfflw

7 ἮΨΒΜ3ΨΨΨὟέΨ
Wfflmkfflfflfflfflfflwffi

ssff³fflm4fflffiffifflffi

·99 8110 811818106 8154 8141 8149 8157 8165. 81757 Ι8180
fflmfflfflffifflffiffiffiffiffiffl

0111100111 00010

5500”“-· 1502'

½W=ffffff

mam §ssva

⁵w=¹vw ½w= 330
Ι 550155ο 3 =ssw0

sw=1nw ssw=ssvw

 

13

 

