        
            
  

 

 

   

wmwffifflfflffifffflffi
3114 3110 3117 3154 3140 3147 3134 ³⁰3⁴ 3167 3174
3181 3187 31 3101 3107 3114 3111 3117 3134 3141
81 3147 3134 31 1 3167 3174 3181 318 7 3 3301 3307
3314 3311 3317 3334 3341 3347 3334 3313367 3374
fflfflffiffifflfflfflfflfflw
{5¹⁴ {22³³ 3518 3534 3341 3548 3-554 3513-568 3574

ux ³⁵⁸¹ ³⁵⁸⁸ ³⁵9⁴ μοι 3⁶0⁸ ³⁶¹⁴ 3—sz ’,Τις ς-εμ ³⁶⁴¹

     
          
   
    
    
      
     
    
      
   
    
     
       
     
          

   

 

 

 

 

  
     
  

    
  

3646 3634 3661 3668 3674 3681 3688 3 3701 3708 7
3714 3711 3718 3 34 3 41 3748 3ζ54 33²} 5Ζ 68 ³32} ¹ Μ
37813766 3794313 143 3 3343

   
     

 

3848 3834 3861 3868 3874
81 3914 3911 3918 3934 3941
3981 3988 3994 4001
4141 4⁰⁵⁴ ψει 4041 407⁴ ψει 4011 4101 41ο1 ⁶
4114 4111 4118 4134 4141 4148 4154 41 1 4168 4174
41⁸¹ μη 4¹9⁴ μοι 420⁸ μη μυ μιε μμ 424¹

81 4148 4134 4161 4-168 4174 4183 4188 4194 4301

4314 4311 4318 4334 4341 4347 4354 4361 4367 4374
4381 ⁴3⁸ 7 43814 44⁰¹ 44³7 ⁴⁴¹⁴ ⁴4²¹ ⁴4²7 4434 6441
4447 4434 4461 4467 4474 4481 4487 4494 4501 4507

⁸¹ 25¹⁴ 4511 4517 434 2333 22⁴7 454 46 467 224⁰
4247⁴ 5⁴ 2⁴3& 4667 4674 4683 4687 ἐξ 3700 4707
gssffirgmfigffl⁴ssffi⁴ssw

3 460 4667 4873 4880 48 87 4893 4900 4907

3⁸⁸1 ³⁸⁸⁸ ³⁸2⁴ „013901 ³ ιι
3948 5954 39 1 3968 3974 4 18
4014 4011 4018 4034 4041

    

      
   

 

 

 

 

 

 

  

    
 

   

   

4980 4986 4993 5000 5006 5013 5010 3016 5033 5040
5046 5053 50516) 5066 5073 5072 3086 5093 ⁵⁰22 ⁵:⁰2 ἓ 332
5113 5119 511 5133 5139 514 5153 5 39 5137 ,
5 5186 μω μ 520⁶ 5212 5219 522⁶ 5232 ⁵²³⁹ ³ ¹1⁸
81 ⁵²22 3151 5159 ⁵232 3171 3179 5185 3191 5 9 3303 ⁴ ²⁴
5311 3319 5315 5331 3339 5343 3331 3359 33 3 5371 {³ ,ἓ
5378 3385 3391 33 3405 5411 5418 3415 3431 5438 ¹
5445 3451 5458 345 5471 5478 5485 5491 548 5305

  

    

  

  

   
        

  

 

      

  
       

   
     
  
        

      

   

39 3511 5518 3315 5531 5538 5545 5531 3338 554 5571
6540 ——————-—j—
41 5644 5651 5657 5664 5671 5677 5684 5691 56 7 5704
- 41 5711 5717 5714 3730 3 so 5 37 3 4 570
43 5777 3784 5790 5797 3803 ⁵3¹0 581773 13 5830 5 37
44 5843 5850 5857 5863 5670 5876 5883 58905 5836Ξὲ
wffiffifflffffiwmssmq
sswmfflQOffiffloeQ
09 ⁶—175 6—182361823 ⁶¹9⁵ εκ, ⁶201 ⁶215 ειη 5-33313335

 

 

3550 ⁸—1 ⁶2⁴1 5—20816255 ⁶2⁶1 ⁶²⁵⁸ ⁶274 ⁶2⁸1 ⁶2⁸³ ⁶²9⁴ 6301
ο 1 2 ³ 5 Ι e 7 s 9 1²2.

 

.²
0 mmo}
0‘58‘3 ξΙ

