QQWWWQWWWWW
QWwfflfflwfflfflMm
Www www

36

09-39-23
ffiwmm9

11 8 0105 0111 011
11 ί16667 0174 0181 018 0135 0101 0 0115 0111 01

13 0136 0143 0150 0156 0163 0170 0177 0184 0131 013 2 1¹⁴
14 0305 0311 0318 0315 0331 0 0346 0353 0360 0366 3 1.1 j
15 800373 0380 0387 03 0415 0411 0418 0435 4 18
⁶ ⁶ wwwwww·‘
‘Qfflffiffiffwffiffiff ⁶
19 -6648 0655 0661 0663 0676 068} 0630 0636 073³} 0710 ’ ”

 

5 1101 1103 1115 1111
4 ¹¹70 1177 1184 1131

1138 1205 1212 1218 1115 1131 113
116 1173 1180 1187 11

 

1884 1831 183 1004 1311 1318 1315 1331 1333

196 1373 1380 1386 13
1034 1041 1048 1055

183 156 1603 1610 1616 1613 1630
37 2644 2 51 157 164 1671 1678 1685 161 168
1705 1711 1713 1716 1733 1740 1746 1753 1760

6³oeu= 104⁵) ou 63w11= Ι743301 on
6310 = 1 45 10 63100 = ¹7 31 40
⁶w=1ssw ,Qm=wnw2
w=ww anwo
wuw wffimw

 

 

1

 

