¹ ‚ 70 WW7WWWWW 50

· 5² 7440714 759411

 

762 60 --,

3 756333313377 7478775 7434457 7563578 «545577 7573718 53 .⁷‘
757 7-53 75 7475573 7465375 756454 7544774 757861745
5 7577576 7565575 747657 7846555 7567656 7544775 7575555 57

4 7577547 7576477 7477775 7466675 75 744 75455757 7533855 56
7537554 7577577 7477537 746557 758655 75 5435338 75 447 55
7574585 7577777 7647775 74 645 7756565 75457 57587666 54

7 7576665 7575765 71475563 7468765 7565767 7547777 7537557 55

7 8 7573675 71533335 747455 745486 7576555 7Η54776617537365 57
5 757655 75 5 7475748 7476755 7577665 7548564 7865754 57

————-—————-——-——-1-—————————-—fi-—

87488059 7577541 748 Ζ 8549484 7583753 72

575 7487757 757754 755668 758467

75 7577665 7578475 7478567 7475657 7575557 7655687 7584856 47

74 7575665 7575565 7475686 7475745 3157433313 7557775 7585558 46
33 7574665 7567877 747565 7474457 78574

 

7575667 7587657 7456657 7475757 7575575 7577455 7585777 7}

33 7576657 7537357 7457457 7475867 7576765 6755534411758735
7577656 756765 7457776 7476565 757686 6755555 7655
75 7578646 7865567 7457588 7647777 7567744 7554777 756

-ῌ-ῇ--ῄψῌ-ῄ-ὺ-

-ι-ᾐ-μ--ῄ--ω-ψ--έ--ρ

:3 333333 7347 3333 7:733 3333 7553 7:343 33
27 7557575 7587744 7456684 74 4 7575557 7556665 7556755 57

74 7557553 7568666 7456855 7486767 7576655 7557756 7556855 56
33 755555 7538867 617433674 74374567 757777 7553753 7553533 55
7554576 7865577 745557 7487757 7577567 75557 7555 54

33 7553885 7556584 7455755 77487844 7577555 7558853 7557437 55
755354 7557455 7455574 7435556 757573 755547 755753 57

75,7557,7,7,,,,,,,,, 7557754 744668 688 7484777 *ΜΗ-55755557, 57
507 ΝΜ,- 7447457 ’73-45-’ῖῖ77573476 75656587754667 56
51 7555757 7555353 7447777 7485666 75 533135 7537777 75755458 33

46 74475777 «47586 57657573 537755 755533311
55 7547674 7555655 7445757 74865 7575 76 7567577 75556

54 754767 7553535 7444488 7487665 7576556 7337546 7553767 76
53 7 ·7-553315 7445743 7438556 7357333331565574 7655335 75
5 7 755 5 7445558 7845655 75 754655 75577 74

5377555666 7446757 74785 76 7576865 7534673 7553755 75
5 «546447 7555566 7443564 7456557 7575457 753534 755356 77

ΨΜΜΜἙΜ 8 0⁶⁷⁵Qffl²0

Μ

48 7447277 7408484 7449758 7449243 7551295 7=5⁶⁶9⁶17 7599980 ¹
48 7=3502¹8 7405840 7450499 7495838 7451914 7·5⁶7552 7.600449 ¹

· 45 7557757 7464677 7457745 7845577 7557557 756 8767 7666577 77

 

44 7557654 77464567 7457585 7454467 7555743 7568676 7667564 76
43 7555635 7465755 7457757 7455756 755573 7565758 7« 667657 75

7555567 746657 7455474 7455865 7855457 7565867 «667557 74
1 43 3333333 3333333 3333774 7456487 7554356 3576573 73356831175
,4 8 555 7457357 7553 76 757655 7 611566

-υ-η-..ῄ--Μ-*ῖ--Ι--ι-ι

*Ἀιωψᾘῇ-*ῄ

55 7854758 7466745 5«8744755 7457677 773354Μ5Α755 55867 771

57 71558553ι7«476636 7-457764 7455357 7553446 7577657 7365778
5² 755557 7847747 745758 7455874 7558653 7575754 766767
55 5566457 7477565 7458657 7566485 75856 75775756 777 7

54 7537554 7475777 7455565 7567754 7555375 75743781117666735 ⁶
55 7536775 7475556 7466355 7567878 7855585 757475 7« 667734 5
56 75 56785 7474747 7466 77 7567486 7546456 7575455 7667784 4
53 7534333 7433553 7433356 7535333 7543633 3573558 766833 3
513 ⁵:333-3717 7:333 333703 7337 3733 55,755 7,.,445 7

166«7566”8’7737«47757637’4’“’165777Ι7’5’”«6577637’5”«47565 7775 76777 7665”8’57 6

, ‘⁴ 55· 57· 55· 45 45 77 45 ⁴

σοι, 55·

       

91Γ11,59·“’
ι ,9
..Νη
‚⁸4

'RQ
«9785

   

⁴7⁸⁶*

