μ 161ΜὝΜ1ΜΜ1ΜΜ1ΜΜ1Ν

111ΜΜΜἯἫ16Μ1Μᾚ1Μ1
wfflwwwwffiwwwmfflmw
mmmm⁶m8mnmmsse
wwwwwwwwmmwww
ΜψΜΨΜΜΗ1Μ1ΜΜ6Μ11Μ1

21 o 3934 3733 33367 ⁶8⁶8 ⁶88⁶ 3673 3057 1771 2111 1451 2790 40
· wmwfw8⁶⁸8wm⁶8⁴fflffffffl88⁶88
{8 9133 93Ξ3 0193 8805 7 7119188114 613Ξ6 1133 3533 3353 10
wQssmmmm6sswmmmeww

ΏΟΜΜΜΜΜΨΜ11ΜΜ1ΜΜἛ1
wfflffim8wm98fflfflwffifflss
5915 6156 3558 3379 7100 7510 7841 3161 343133

9110 9459 9758 0077 0596 14 1051 1550 1667 1985 1501 10
7memmw⁶8 38mwfflmmww7

ngfflfflwwffwfflwfflffw
20 7851ἓί9 2888 8370 3333 {949 5153 8ΞΞ676 5376 4¹88 73Ξ38 4301 8⁶
³⁰ ⁴⁸3 163 166 636 669 ⁶⁸³³ ⁶⁷8 88 8330 812 8888

Qssfflmwffiffifflffm³mwuwuffl

wmwwmwwwmwwm
ΜΜΜΜ31ΜΜΜΜΜΜ1
10 9955 0151 0550 08161115 1410 171 2012 1508 1604 1900 ,50
30785111111111111
8m8⁷8m⁶mmmwwwmfflmw8

01 9110 1ο

· ¹ 25 0 78616741965 1151 1541 1850 5119 5408 5696 5984 4171 4560 5ο

11 1Μ1η61Μ1ΗΉ1Μ1
wuwwfflw2QM8wwwmffmw
50 7787014 05 41 1115 1408 1691 1974 1157 1559111 5104 10

46 3664 733666 3667 3949 4636 4566 4796 5673 7354 7⁶34 98¹3 66

56 5965 6695 6475 6755 7634 7363 7593 7676 6567 429 634

w mmmm47788h3mfflw
50 6981 7154 7517 7799 72 544616 8888 91 9451 9704 10 .
40 9704 9975 6146 0517 078 1059 1519 1600 1870 1140 1410 10
wmwmwmffimm⁶wmmfflmwwm

161116111ΜΜ1Μ1ΜΉ11
Ι 10 7771 ζ36358 3504 357086 8856 9101 9567 9355 9898 0165 0418 40

1ο 7.(16900418 95 0957 1111 146 1750 1914 117 1591 1805 5969 59
6661Ἢ611316711

8⁶ 3501 3937 8811 9080 9540 9599 985 0117 0576 6655 0394 032
28 0 7910894 1151 1410 1669 1917 1184 1441 1700 1957 5114 5471 50
8748888888⁵8888
50 8 1 8855 6⁶9089 9541, 9596 949 0101 055 5 0608 61 1115 10
40 7911115 161 70 1111 1 4 1616 1 7 5119 380 651 10

w³wfflwfflmm8wffmdfflmffl
29 0 6154 6584 6655 6885 7151 7981 7619 7878 81278 06046575 861540 50

33 7951393135 3593 3363 3333 356 0 1576 13330604 506 068 55335510940 0
900910 3

wgdmwfflmmufflmwwffiw
50 8459 8631 3933, 9333 99408 9353 8888 8838 ⁶88⁶ 6333 6353030 10

7117671Η11717ΗΙ1 177

 

