0 0 8141855 0601936 1097 1117 1338 1458 1538 1699 1819 1940 3060 50
10 3060 310 3300 3411 3541 3661 3781 3901 4021 4141 4161 40
041ΜἫῊἪὛ663ἭἩὟἪΜ

3596 5579 3892 503Ῑ 5937 31533617138 335 554 85433
78645ΐ 717761 8083 6101 6361 64Ξο 8556 8677 6796 617714 ζοὲς 059

1 o 9033 9151 9170 9389 9507 9616 9744 9863 9981 0100 6218 50
7 10 815011 0336 0455 0573 0691 0809 0917 1045 1164 1181 1400 40
10 1400 118 1636 1754 1871 198 1107 1115 1343 14601578 30
8 ψ6Μ63ΨΜΜῶ6ψψΜ33Μω
mwffl8wmwuwmwwssogww
mwmssmmwwsswww

2 0 6034 6111 6318 6444 6561 6678 6794 6911 7017 3144 3160 50
3207mmffmwfflnwwfflwqmw
⁸vasswmwmmwww·

30 9581 969 9814 9919 0045 0161 017 0391 0508 0613 0339 ·
40 81603 9 0854 0970 108 1100 1316 141 1546 1661 1777 191 10

50 1691 1007 1111 1137 1353 1468 1583 1698 1813 1917 3041 057

flmmmsswwwmmmw
gwmgffwmwwm

13 717 741 7936 8668 6666 619

mmwmwmw8888

4 0 9881 9994 0107 0110 033
10 8171010 1113 1136 1349 148

111 8 83 8 10
fflwffi

¹ 157416 71799 1911 1614 117

1361 1474 1587 1699 1811 1914 3036 3148 31 30
16ΜοΜ6316Μψωωη3ψω
fflm4www wwff⁶wmwffw
5499 5610 5711 533 5945 56057 6168 179 6391 6501 614 055

4 3059 7130 3181 3391 3503 3615 3316 50
170 81 391 301 613 314

7 9138 3388 3339 3103 9710 931 9941
828232} ἓξὲξ ῗζὸἓ (65ζέ ΪΞ8Ξ 15ἓέ 17οέ 161581915 2035 1145 ¹0

82mmmssmfflw⁶sswwwmffissmff4

wmmfflw18mmmmmw
45M⁶Qw8ffffffwwmffi
2888888888
3813 7933 8041 8150 8159 8367 8475 6584 66912010
1Μψψ1ηψωω33ψοω

709888
10 8189051 0960 1061175 1183 1331 149816
10 1918 10361143 1151 135 146 1573 1680 1787 1835 3001 30
mmwwmwmssmsfflww
&mmmm68mmwmmwm
wwmmmffmwffwwm⁶m

Β o 6107 6313 6410 6516 6631 6339 6845 6951 05 164 7170 50
31707 7376 481 7588 7694 38800 7906 8011 8118 6114 8330 40 .
3Η 31666ψωωψ1

956 9494 9399 9795 910 9916 002¹ 0¹27 013

40 8.3000443 0549 054 0759 0865 0970 1075 1180 116 1391 1496
1496 1601 1706 1811 19161011 1116 1131 1336 1441 1546 057

830

ww2sfflwmmmfflwmmm8
me3mmwm888wwqw
⁶9www28wwmmms7⁶
561 5785 5890 5994 098 6101 6306 6410 6514 61 711 1
wfflwwwmwmwnzgsww
166ψ6ώο06661610.

 

