³²?an 5,,,59 88885
fflQQOWQOW'

⁸ 8585599854 588 W 558 ’643385- 488 885843 4⁵1-365417
fflfflssQ³ffiWss⁶QfflQ‘

854 34854Ξ 584 488854 554 549883 484 888588 454 853858

{ffiffiffl W

6668 858985

³24 {33⁶⁶} 40 666 ⁴34 6686

559 555894 489 888585 459 888885

355 495760 565 553503 411 653845 465 663705
8 355 494555 365 55 7559 455 634897 465 664633
585 495544 585 559985 4858 85958 485 88558

354 496930 564 565505 414 6339004846 464 666518

3ffl3w4Q2⁶3ffl

456555 35 505059 36 564666 36505364 669357
458535 356 505457 3666 565848 456 655576 466 670546
8889 489558 589 585598 589 585888 489 888884 489 858855

588 588383 558 589554 488 884888 458 855888
588 5855 558 558545 488 885588 458 8558
585 589885 555 558589 485 888548 455 85 8

584 588 35 554 558858 484 833588 454 833358
333 588 553 5548 85894

585886 55 555868 666 889488 66655685

‚. 583 584348 553 558548 483 858488 433 858588
MQQWQWZQWQ

385 580955 435 654477 485 685545
588 588885 458 85348348 488 885845
³⁸³ 585899 4558485 488585945

534 584538 454 853 38 484 884845
ffiffissQfflQffiQ

455888 553 583858 583 333355 553 545555 553 553555
⁴ 45998 55 58985 58 58 45 355434 55 55 420
559 558888 589 589958 459 84845 489 889589

*441 644439 495 695085
6 445 643455 495 695 565
443 ⁶4404 4958945

594 595498 444 843585 494 895585
um? mmssffifflssffl

89” 4585585 548589 593 5983 550505 493 595355
896 474216 3 548378 39 63 946 658878 49 693559Ι
899 455858 549 548685 599 55 449 858848 499 89 888

 

 

