 

’ 8950 951815 1818 1855 1858 1841 184771851 1857 1861 1867

,7 51051

N

1881 1886 1891 1896 1901 1906 1910 1915
51 1910 1915 1950 195 19 1944 194 1954 1959 1904
ψψψῶὥψωωωω

54 1017 1011 1017 101 6 1041 1046 1051 1056 1061
55 951066 1070 1075 1050 5555 1090 1095 1100 1104 1109
5 1114 1119 1114 1119 1155 1158 1145 1148 1155 115
1165 1167 1171 1177 1181 1187 1191 1197 1101 1106
5 1111 1116 1111 1116 1150 115 1 1145 1150 1155
59 1160 1164 1169 1174 1179 1154 119 1195 1198 1505 ,

1551 1557 1541 1547 1551

61 1556 1561 1566 1571 1576 1581 1586 1590 1595 1400 5
ffi2mwwwwmummwm
Qmwmssmmmfflwwffl

1501 1507 1511 1516 1511 1516 1551 1556 1541 1545 5 1.5
11161111181ψ
15991 1 15111151 155 57 4 515
1647 1651 1657 1661 1667 1671 1676 1681 1686 1691 3·⁰

²⁶9⁶ 2700 1705 1710 1715 1710 1715 1719 1754 273 5 3‘5

mmwwmfflmmmwffl

1986 1991 1996 5001 5005 5010 5015 5010 5015 5050
7½MQWWWWWWWQ
505 50 5095 5097 3102 3107 5111 5117 5111 51

,511 3156 3151 3146 5151 5155 3100 31⁶5 ³¹73 ³175
110681111111

81ΉψωημωψωωωἫώ4

31 5575 5578 555 55 5591 5597 5401 5407 5411 5417 1

ὴψψψψψψψωψψῶ

&mmmmmmmmfflmffi

wwmwwwwmwmmw
ffimmwmwmmmw2

1111111111110

&swfflwfflmwwmwmmw6

5808 5815 5818 5811 5817 5555 {gg} 5841 5847 3851

92fflffiffimw &mm
9³mmmmmmmwmm

”mmmmmmwffi m
· wwmmfflmwsssw
11111111115
99memmfflmfflwm

· 0flflflflflflflflssffl·

³9s0⁰= 1119 10¹¹ 8900''= 24051' 4011
&zm szss
{2⁹0 :1322 {3⁹00 11 2⁴3

 

 

 

