ι

Ῑ-ἠ γᾼ-,ι .μῌῐμ4.μ---ἠ--ιι-- -κῙἺ--μ ff

ἘΠΕΕΕΕΠΕΕΕΕ99

fflfflwmm

‚ WQWWWWQQQQ
=ssmafflffffiffiffiwfflss

gfflffiQffiQfflQQffiff
mmmmmmmmwwmmm

6490 6464 6494 648 6495 6306 6347 6348 6340 6394
QQQQQQQQ

611 644 634 6745 6756 667 679 6790 6804 44
64 6844 6644 6635 6846 6857 6868 6680 6894 6904 6943

⁶3 ι6985 ⁶93⁶ ⁶947 6958 6970 6984 6994 7003 7015 702⁶ 9 {a

7037 7048 7060 7094 7084 7999 7405 7446 7447 7438 3 3.
9 7464 7494 749 7494 7 8 7447 7448 7439 7494 4 98
7873 784 729 7307 73ι 7329 7340 7352 733 a ·0

⁶ mmmmmwfflfflff
4000040000494

7fflfflwwmm
9 980 994 6003 44 6045 3036
807 {oq {104 8445 8446 8437 8448

4 8484 8493 8404 8446 8447 8438 8449 8460
wmmwwfflfflwfflm
QWWQQQWQM
33fffflffiQQQQQQQ
8740 8734 8744 8753 8765 8776 8767 8798 8809 8844

ΜΜΜΨΨΜΨΜ
9067 9078 9 9400 9444 9443 9434 9445 949 4 4.4
7WWWWWWWWW²M

&mwwmmmwmfflfflffl

ffisswwwzwmmwmwwffi?
sswmwmwmmwffwmwhj

WWWWWWUWW

4οΨΨΨΨΜΜ44
mwvmmmwww
wmmmwfflww

590064 0084 0095 0406 0447 0448 0439 0454 0464
94 0493 0484 0495 0406 0447 0449 0440 0494 0464 043

w mmwfflwwwwwms
ψψψψψ
ΨῊΨᾙᾚἭὝ
4040 vwm

⁴2 9444 07⁶4 9344 9486 9494 9898 0⁸20 0⁸³1

53 9864 9895 86 9898 0909 0920 994ι 0942
0976 097 0998 4009 4040 4034 4044 4053 Ι

9 9·9

3850442 1ο 44 1044 ⁸ mag 10⁰ 414 4ο44
386οε,4440 =104320
‹³30=¹430 . 3890οε40490
6 καφ 899949
ψεῑηο 3m=wdw

 

