726 UT *2 7 U} *5⁷ 27 ’ἶ Ι ’ἐ 7 Γῆ

mmmmwmmwmwwfflmm

1 52 2640 2662 2682 2702 2722 2742 2762 2782 2802 2822 , ,
52 2842 2862 2883 2903 2923 2943 2963 2984 3004 3024
π wwmfflQOmmmmfflwmm

nawffifflfflffifflfflffffluw
smmmffffifflfflfflffl3m
5⁶Qfflmmmmwwfflw

‘wsswmwwmfflmwww1
58 4052 4072 4092 4222 4232 4252 4272 4292 4222 4233
= 62094620226422

*⁴— m*-

2fflnmmwmmm
{¹Qfffflffffiwmwfflfflw
2 &mewwwwmw
⁶3WWWWWWWWWW

 

ngfflmffmmmmmffiae
NJfflwwwmwfflfflfflwm
ffififflmwwwmmmmfflmmfflo

,ffl8mwwwmmwmmwm
68 609 6079 6099 6229 6239 629 6279 6299 6220 6240 7¹4⁰
69 6260 6280 6300 6320 6340 6360 6380 6400 6420 6440 ⁸¹⁶⁰

Ι ¹ 172 6860 6880 6900 6920 6940 6960 6980 7000 7020 7040
2 73 7060 7080 7200 7220 7240 7260 7280 7200 7220 7240

fuwwwwmwmmwmw
Ή2222222266
,1 77 ’858 7878178278 928 93 1958 978 1998 8028 8038
78 8058 807878098 8228 6238 8258 8277 8297 8227 8237
wssmemfflwwmmfflmw

¹ ⁸3 9054 9074 9094 9113 9¹33 9153 9173 9193 9113 9²33 ² 3·

'Qmmmwwmwmwwwmffss
Qmwwmwmmwfflww„
ffiwwwwwwwmmwfflmfflh4

&Qfflfflwfflfflfflfflwwwa
88 340047 0067 0087 0207 0227 0247 0266 0286 0206 0226 25.2
39 0246 0266 0285 0305 0325 0345 0365 0385 040470424 9272

fflwwmwmwwwwfflw

..ῃ-..- ..m-...l

92 0642 0662 0682 0702 0722 0742 0762 0782 0802 0822

, 92 0842 0860 0880 0900 0920 0940 0959 0979 0999 2029
93 2039 2058 2078 2098 2228 2238 2257 2277 2297 2227

94 2237 2256 2276 2296 2316 2336 2355 2375 2395 2425 ·
· ⁹2 ³⁴ ¹2³⁵ {3⁵2 :3⁷2 &⁹⁴:212 ¹⁵³3 ¹3⁵³ ¹⁵⁷³ {⁵⁹3 8ἰέ
9 191 5 7 191 l 173 12511771 79

97 28302850 2870288922909 292 1294 2968 2988 2008
98 2028 2047 206712087 2207 2226 2246 2266 2286 2205
99 2225722457226572284 2304 2324 23447236312383 2403

mwwffiffiffiffiffiffifflffim

2230”ῗ 0037 50”
873 ,ζ ἓ {⁶ 13
22 0 = 0 36 20

2290503630

 

