01 3569 3586 3596 366683616 3620 3636 3646. 365613666

οτψώψᾞψψωψψψ
63 3771 3781 3793 3 373813 3833 3833 3843 3853 3863

ω Wfflwmmmmmmm
&mmmwmmwwmm
wufflumumwumussmmmuss

ωμψῆωωωψωωωώ
mmnwffmfflmwmffffl
wmwwmwwmwmw

ffiwfflfflfflmmwww
u msswwmwmwwmww9‚
,nwwfflfflmwwwfflw‚

14ffiwwwwwwwww·
634981 4991 5661 5611 5631 5631 5641 5651 5661 5671

5681 5691 5163 5113 5133 5133 5143 5153 5163 5173 .

³ 5183 5193 5363 5313 5333 5333 5343 5353 5363 5373 ·

3816636166161663316616166 ·
mmwmmmmmmm ·

--„.„..-.„-.-„ -------- 9 9·9

&mmmmffimmmmm

' fffflwwmwffiwfflb
ufflwmmffimmffiffm
2³mmeQQfflfffflffl

²wffiffifflffiffiffiffiffiffi&

6697 6167 6117 6137 6137 61’47 6157 6167 6177

6187 6197 6367 6317 6337 6337 6347 6357 6367 6377
638 639 63 6317 633 633 6347 6357 636 6378
6388 6398 6468 6418 6438 6438 6448 6458 6468 6478

...ιιι-*- ...ι--η--ι-,ᾷ---ι--ι ...ω-...- - ,-

636488- 6498 6568 6518 6538 6538 6548 65587656876578

ςιψψωωωωωωωωω
33 688 6698 668 6719 6739 6739 649 6759 6769 6779 1 1.0
6789 6799 6869 6819 6839 6839 6849 6859 6869 6879 3 3.ο

uffimwmmwmmwwwwfiff

&memmmmmmffiffl
7089 9099 7109 7119 7139 7139 7¹49 7159 7¹⁶9 7¹79 6 ⁶¹0

 

 

ψ

 

 

716 7736 7736 7746 7756 7766 7776 7786
16 736 736 7846 7856 7866 7 76 7886

19666666666
38369θὲ 8166 8196 8196 81ἓὲ stiffi 81ἒὲ 8163 81‘73 8186

97 8196 8366 8316 8336 8336 834678356 8366 8376 8386
4

49MQQQQQQQQQ

——wn—--w-u-m— ——--..—-—

fflwssmwQOwfflmmmffiQmfflmffl

83 8366 8316 8319 8329 833933349

4300‘'= 1⁰11'40‘' 4366οέ 11056 4ο’
4316 = 1 11 56 43166 = 11 58 3ο
4320=¹¹²0 43200=1200
4336 = 1 1316 43366 == 12· 1 46
434o=1nao 43400=¹²3²⁰

 

 

