Ι J ⁰ ' '' 777 7-47. 074 mun '

⁰⁰ffl3-53Q60QQ9 ⁰ 60
· 2} 3:333> {3 3:223}ss 9, ἓῑέἓέἓὲἓ 6366ἷί6 ⁸ {3
{0 3ῑέἕέἔῖ 0 3666ἓέ ⁶¹ 3333}ss 3:331}ss 3 {3
, 50 9373836 56 9606773 ⁶¹ 0393957 9967793 3 10
· 10W⁵²W⁶⁰Qffl 059

:g 9.573940 ἐξ 9606834 ἓξ 0393766 9967706 ἓ 30
9577997 9606894 0797706 9967 8 40
³0 9774044 56 9606955 ⁶¹ 0797045 9967369 3 50
40 9574096 56 9607075 3⁰ 0797985 9967087 70
0 2 ⁵0⁰ {33:333 ἐξ 9607076 3} 0797974 9967077 3 10

 

52 Q 00 0999863 Q 9 0 58

{g 9-574777 00 9607790 00 0797607 9967077 3 50
0 66666Οὲ 77 6606654 60 3166ἓέἒί 6168866 ⁴2
{0 {3232 ⁵2 3333 ⁶1 «63707 336οέ4 3 ἕο
50 9774460 56 9607479 33 0797567 9967077 3 10

. 3 0 9774777 ⁵² 9607700 0797700 9967077 0 57
10 9774 64 ⁵² 9607760 ⁰⁰ 0797440 9967004 ⁹ 50
20 ,67777 75 567 57
³0 3574 0 3868 0 81886 384385 5 8

40 9.574720 5² 9607 49 ⁶¹ 0999935 9966978 3 90
70 9774777 3} 9607607 33 0797796 9966970 0 70
9607867 00 0797777 9-966967 3 0 56

---

{g 9-574873 ἐξ 9007977 00 0797077 9990957 50
7ο 31ἔέἓὲ64 ⁵2 37366ἶῖ ⁶0 6166οέ7 38468 5 33
40 957507 56 9608707 3¹2 0797695 9966977 3 70
70 977504 56 9-606765 0797875 9966979 70

—-- 2-...⁶0...-........

'5⁰Q51Q61QQ8 ⁰ 55

10 9373787 “ 9608986 0 0394744 9966 9 50
70 9777779 56 9608546 06 0797654 9966 97 ⁹ 40
70 9575797 ⁵} 9-608407 0060 0797797 996684 3 70
40 9575747 5 9608467 0797577 9966876 70
50 9775795 56 9608778 2050797477 9966867 3 10

7 06-77-..046ξζ90706047747900779 0 ⁵4

¹0 9775499 00 9608648 00 0797777 9966850 3 70
70 9575770 9608709 00 0797797 9966847 40
5ο 9573609 5} 9608769 61 o.391231 9966833 3 30
40 9.575654 5 9608830 00 0994770 9966893 9ο
50 9573706 56 9608890 0397470 9966876 3 70

..--..- .....60 ...-.-.-----

’ -7 0 9577778 ⁵² ’9608970

---39-··---67

0-301050 44007 0 57
70 9775870 9609077 00 0-590'98‘9‘W66'7‘0‘9'9 70

70 9577867 5ζ 9609077 00 0790 79 99667 3 40
70 9575977 50 9609777 00 079 03 996677 30
40 9773967 50 9609797 ⁶ 07908 9966777 3 20
70 977077 5 9609757, 06 0790748 9966767 ιο

—2 0...—

8 0 9576069 00 Q ⁶1 Q 9966776 3 0.

70 9576770 0 9609777 00 0790677 9966748 50
70 9576777 32 9609477 40 0790567 9966779 3 40
70 9576774 0 9609497 00 0790707 9966770 3 70
47 9776776 5 9609574 0 0790446 9966777 20
30 9576397 ⁵¹ 9609674 ΘΞ 0990386 0436οῃ3- 3 10

2--.-..-.

' 9 0 9576779 9609674 ,0990979ώῇ 0 0 51

---39---67

70 957647 0 9609777 00 0790765 9966690 3 70
70 957674 3} 9609 77 00 0790747 9966679 ⁹ 56
40 957656 0 9609977 00 0790085 9966670 3 70
30 9376638 31 9609976 60 0390094 9966669 9 10

10 0 9576689 9670076 0789964 9966657 0 50

‚nnn 088 560 6775 sin 34. 7
, 67⁰

70 9776 7 5 9609397 00 0790707 99666

 

 

