Ι9918110110

 

0.......0103011

fflwmwfflfflfflwwfflwffl

ἓ· WWWNJMWQ7WMQW
·› 80012 0004 0099 0046 0098 0081 0090 01 0119
09 0106 0198 0149 0161 0190 0189 0199 0006 0010009

130000000000
, ψῷὥψᾉεᾍᾍῒθᾙ
Ι 99 998908 0594 0606 0619 0609 0640 0691 0663 06980800 40666
1ᾞ9036666Μ660

wwmwwwwwwmffiw

7 11 1099 9090 1060 19099 1089 1096 1109 1119 1190 1141 12 ¹
1 10 1199114 1196 119 119 1010 1001 1099 1044 1099 ¹ Η
19 10 1098 1090 1901 1910 1904 1999 1949 1998 199 2 ι

14 1981 1990 1409 1419 1406 1498 1449 1460 49490 1489 3 96
3 7 ⁵⁸ :7 3ξὲ :7 73 {7217} ἰξέ 131 31ξί33 ⁴7}
19 9999 999 9999 9996 168 1999 1990 1800 1819 180

190 181 199 1904 1916 1909 1996 ἔ {E
3 19 1990 1961 1990 194 1999 0009 0018 0009 0041 0090 97103

, 3820 58 2063 2075 0086 0099 0109 0100 0190 0149 0194 0166

4 01 0199 0188 0000 0011 0000 0094 0049 0099 0068 0099
1 00 0091 0900 0919 090 0996 0949 0990 90 0980 0999
7²mmwmwmss2 mwm

04 0180090410900690 0986099996090600
0998091090940666099 06660 00000911 00094
ψωᾙηψψὼω100

09-2* 0898 0890 0881 089 0904 0919 0909 0998 0949 0961
² ²⁹² ²⁹³ ²⁹7³ 3119 37 ³7 ³333 7} 37 ³7⁴

01 00 00 09 77 00 00 0000110 104 ”

32 3446 3437 344 3459 3494 3464 3493 603569 394 3479 1 ¹·1
33 3539 3556 3564 3573 354 3595360 7 364 349 344 4414

”gfffflQfflWfflwfflmwffl
7⁸77777777777m

3 3994 40⁶3 4049
9 410 4116 410 4199 4190 4160 41941
wmwwwfflm4

mwwmssffiffimffl
wwwm

777777777w77
43 46766 4664 493 4764 4746 4747 473 4749 4764 4774

44 7737 410 4818481148114841 4811 4861 4894 488
7¹7777777777

9100 919914 9196 9169 9199 9190 9001 9010 9004
ms³mm777Qmwm
wmmwwmwmwmmw

ffwmmmm

1 παι-1111111

3800¹¹= 1⁰ 3¹ 20¹¹ 3800d‘= 10⁰ 33¹ 20¹
9810 = 1 ,9 90 98100 a 10 990
980οε 1 9 40 9800οπ =10 940
3830=1 9 90 9890οι- 10 98 00
w=1m w=1w0

 

 

 

 

