18·

:spu .
*mm ‘'mum-un 9 9

, 2010 Q& 9¹5²⁰3⁰5 71 Q 7

99 9497646 6 9999776 ’9479694 9977979 99
99 9497 99 67 9999446 70 947994 9977969 7 49
99 9497677 67 9999997 7¹ 947949 9977796 7 79
49 9497997 67 9999966 73 9479499 9977749 7 99
99 9496999 67 999969 7 9479749 9-977749 7 99

21 9 9496964 67 9999796 ⁷⁰ 9479979 9977779 7 9 39
99 9496997 ³ 9999799 ⁷¹ 9479999 9977996 ⁷ 99
99 949699ο 07 9999669 70 947999 9977999 7 49
99 9496994 ⁶4 9999999 70 9476979 9-977794 7 79
49 9496997 37 9999999 7¹ 947 999 9977797 7 99
99 9496969 63 9999969 70 9476999 9977799 7 99

22 9 9496444 6 9-999999 6 9476649 9977999 ⁷ 9 36
99 9496996 67 9999999 9476766 9977966 ⁷ 99
99 9496979 67 9999969 77 94767 9977979 7 49
79 9496696 67 999979 73 9476676 9977979 7 79
49 949669 67 9999499 76 9476966 997796 7 99
99 9496769 ³ 9999997 7 9476497 997799 7 99

---64--79-·---7

· 23 0 Q Q 9476497 9977999 9 37
99 9496666 ⁶³ 9999647 ⁷⁰ W 9977944 ⁷ 99
99 9496999 33 9999794 73 9476976 9977977 7 49
3 33336 99 31337ἓῖ 79 33363 31333ἔὲ0 7 3
⁵0 74Μὲ 99999977 Q 99797 7 ¹0

24 9 9499994 ³ 9999999 ⁰ 9476999 9977999 ⁷ 9 36
10 W ⁶⁴ 999 ·· ⁷⁰ W 9977999 7 99

²0 9499999 77 9999976 77 9477764 99779 7 49

79 9499794 37 9999996 70 9477794 9977977 7 79

49 9499496 664 9999976 73 9477794 9977969 7 99

99 Q 6 9999746 7 9477694 9977974 7 99

25 9 9499964 66 9999497 {g 9477967 9977967 ζ 9 35
99 9499647 66 9999467 66 9477997 9977969 6 99
99 9499799 66 9999667 66 9477449 96977996 6 49
99 9499774 6 99997 9477777 997794 79
49 9499677 7 9999696 77 9477999 9977999 7 99

99 Q 2} 9999766 70 9477979 9-977999 7 10

-n 79-----7

6 26 9 9499967 66 9999696 66 9477969 9977999 6 0 34
10 9999996 66 9999993 66 9477999 9977996 6 99
20 9500090 ⁶3 9-522978 70 0476022. 9977ἰ11 7 40 6
79 96999797 66 9699794 ,6 94766 997794 6 30
49 9999996 66 9699796969 66 94766 9977997 6 99
99 9999979 66 999799 66 947 99 9977999 6 10
· 27 9 9999749

10 95004οὲ
20 9.50046

2³ 9999999 ⁷2 9476679 9977976 7 99
67 9997999 7 9476699 9-977969 7 49
79 9-999979 67 9999469 70 9476999 9977969 7 79
49 9999994 63 9999979 73 9476469 9977996 7 99
99 9999696 6 9999699 7 9476999 997794 7 10
28 9 9999799 67 9999669 73 „offla 9977949 7 9 32
99 9999764 67 9997799 ⁷ 94769 9 9977994 7 99
70 9.500847 3 9.523820 7ο 04761 9·977027 7 40
99 9999999 ⁶³ 99976 70 9476999 9977999 7 99
49 9999979 2³ 99999ἓξ 70 9476949 997799 7 99
99 9999996 67 9994999 70 9479979 9977 7 99

3—-70ffl—-7

⁶ j 29 9 9999999 6 9-994999 6 9479999 9976999 9 31
10 9.501162 63 9.524170 7 0475860 6976969 7 50
99 999999 7 9994949 70 94797 9 99769 7 49
79 9999967 2³ 9994799 70 9479699 9976977 7 79
49 9999999 67 9994969 70 9479699 9976979 7 99
99 9999494 63 9994499 33 9479999 9976964 3 99 ¹

30 0 9999476 9994999 9479469 9976997 9 36

 

 

 

9999939 9476749 9977967 9 33 “

