7 ³ 53 3549 3558 8566 5575 55

56156) 33 333ι —73300 33334 33333 3336 3333

——.————-—-——-—-.-———-—-——-

÷ flmNJMffiwmmmfflmm
52wam347ffifflfflffiffl

54wafflwfflfflwmffl
33η33333ῃ3336363033330
ww⁶m000mwfflffl

sgwwwww2mwwmfflw
73 mmwwsfflwwwww
w mmmm 2mmwmwmmmvnm2

5060 704353 4359 4368 4376 4385 4395 4303 4333 4339 4338

93· 4256 4345 4355 4363 4373 4379 4388 4396 4505 4534 9
⁶}fflfflffifflffifflfflffiffffiw

·6 ψωωυ3ωψ3ᾞωψῳψ7η
700070N000½mwm7

5 77 555 5655 5655 ⁴77⁷ ⁴7⁸⁵ 3333 3
333333333333

πηωωψψωωψψψψ

1 71 5094 5303 5333 5339 5338 5356 5345 5354 5363 5373
72Wwwmwmwmm8m⁶
Jafflmwwwsfflw⁶mww

74fflmfflmfflmmwmm
3μᾞωωωψψψψ7ψψ
3 sswsmwffibmmwwm

, 77 560775 5636 5634 5657 5643 5650 5658 5667 5676 5684
78mwwwwmmmffw
wwW7SNJmNJNJmmm3

m70W72wffimwmmmw

&mmwwmwwmmfflw3
82 60556 0403565 6060 06069 6077 6086 46305 6333 308

85 6333316339 6357 6346 6354 6365 637 3 63 30 638 6397 3 3.6

84 6306ιὸ334 6335 6231 6340 6348 6357 6365 6374 6383 3 555 ·
85 706393 63 6508 657 6535 6554 6543 6553 6559 6568 ⁴¹3²

,6 ΜΜ633333ΜΜ3Μ6οἠἿ

6463 6470 6479 6487 646 6504 6535 633 6550 6559 56
3 85 6547 ·56556 6564 57 65535 6590 658 6507 6635 6634 5 64
89 6653 6643 6650 46655 6667 6675 6684Ο 6693 6703 6709 9 73

5090 6738707 6736 6755 6745 6753 6760 56769 6775 6786 6795

93 6807 6633 6830 6839 6857 6846 6854 68677 6873 6880
93 688 77689 76905 6934 6937 6953 6940 694 6957 6965
½⁶wwwwmwmwmww
94 7059 7067 0776 70857 7097 7303, ’330 7339 7337 7356
95 767144 715 7161 7176 717 7137 6175 7204 7²¹2 7221
7 wmmummNJWNJJQWQ
9mmnswswwmmwmfflw

95mw⁸mw57mwmmfflw
3 Μωωωςῶωψθκυωωπὼ

m--n-—n-——u ...μ- „u-—nu———n—q*

mowvm7wwwwwmwmw76wfflm7
N·!⁰¹0
17—0777 33
{73:32}ss 5ἁωῖ ⁴2³⁴}

. 50=12430 59700εο
5 =12440 ==¹4
5090=1245o 569663146 66

4794 4803 4833 4839 4828 6 {¹5

 

 

 

