9556959 53 0465096 9955650 7 0 60
50 ,120 ‚⁸00 0.6260 ,66 0
55 75 66 95554 46 9995 5
90 9599564 66 9555909 65 046999 999565 5 40
50 9599 95 6 9555955 6 0469695 9955646 50
40 959966 66 9555945 2⁸ 046955 9955649 7 90
50 9599946 6 9555594 6 04696 9955654 7 90

··““-·“·““·““··7

„— 9555569 {8 0469696 9955699 6 0 59
{ss ⁹:⁵3³?ss 66 9559450 6 945959 9955555 7 {ss
455596965049944
40 9595955 2} 9555655 {⁸ 0469545 9955596 ζ 90
50 9599594 9559594 g 0469956 9955590 90

-—-61——- 7

2 0 9595555 9555999 0469906 Q 0 58

----65---- 7

9595660 0469940 9955556 50

⁶ 9555999 ⁶3 0469059 9955566 ⁸ 40

{ss ⁹'⁵{³{⁵ 9557695 23 049005 9955569 ζ {g 7
06Ἀο3960999ᾙ670

*61 ...—

3 0 9595549 6 9556909 ⁹ ΜΨ 0 57

,-..,-.-- 7

ἐξ 9555804 66 9558570 66 0465750 9975559 7 50
20 9559 0 5995 9 5555 5959 g 9
. 40 9595965 2¹ 9556455 63 0469595 9955590 90
6<> 9594046 ¹ 9556545 23 0469459 9955509 7 90

...ι-..-

. 4 0 9554507 6: 9538611 66 0465589 9975456 Ξ 0 56
9 ⁸ ¹⁰ ⁹·⁵¹4¹⁶⁸ 6 9556659 0469599 9955466 50
²⁰ 9=5¹42²9 ¹ 9.538747 ⁶⁸ 0.4612 51 9975485 7 4ο
, ³0 9594969 2⁰ 9556696 6673 046994 9955494 7 50
40 9514550 6¹ 9.538884 6 0465556 9975467 Ξ 20 ,
50 9594499 ¹ 9556959 66 0469046 9955459 7 90

--65

5 0 9594459 . 6 0460960 9995459 6 0 55
90 9594555 66 9559066 66 0460699 9955445 6 50

‚ 90 9594594 66 9559956 66 0460 9955455 7 40
50 9594655 9559994 046059 9955450 50

 

40 9594595 ’67 9559925 ⁶3 0460505 9995495 Ξ 20 ¹

10¹

055595 ⁶3 0005005550 0 55
5¹ 955949 6 0460505 9955409 ⁷ 50
90 9594959 66 955955 66 0460455 9955564 5 40
50 9595099 66 955955 66 046059 959556 30 1 Ι
40 9595060 9559509 66 0460999 9955559 7 20 .
50 9595949 6 9559569 66 0460959 9955559 7 10 .

50 959455 955959 6 0460659 995549

——q—-n--u—

——u—

4 7 0 9595909 9559655 0460965 00760606 0 53

-—---— 60 ——68

90 9595969 66 9559905 66 0460095 9995559 50
90 9595595 9559955 0460095 9995550 7 40
50 9595564 2} 9540049 2} 045 59 9955549 g 30 7
40 9595445 9540909 045999 995555 20
50 9595505 ἓξ 9540955 2} 0459695 995559 7 10
8 0 9595566 9540945 0459555 9955599 ζ 0 52

——61——68

90 9595695 6 9540595 66 0459669 9995555 50

90 9595665 ⁰ 9540569 6 0459699 99555 7 40

50 9595646 2¹ 9540449 23 0459569 9955999 7 50

40 959509 667, 9540595 66 045945 9955 9 90

50 9595669 66 9540565 66 0459495 995594 10

’. 9 0 9595950 6 9540655 66 0459545 9995955 ⁷ 0 51
10 9595999 ¹ 9540999 0459959 9955990 ⁷ 50

90 9596059 ⁶⁰ 95 69 ⁶⁸ 0459999 9955969 ⁸ 40

50 9596999 ἓξ 9540 55 2} 0459945 995595 7 50

40 9596959 66 9540995 66 0459055 99559 ζ 90

50 9596955 66 9540995 66 0459005 9955940 7 ¹10

10 0 9596994 9549069 0456959 9995955 0 50 ’

‘uu-nmmum
70ο

 

 

