ᾖῙ11111011ι111111 1 1

51 1111 1116 1111 1117 111 11587114 1148 1154 1159
51 1164 1169 117 1180 1185 11917 11198 1701 1507 1711

wmmwwwwwww
ιψψψψψψψωψω
⁵2 ⁹¹ {133 {233 88 {233 {233 {332 ἓξὲξ {332 88 {33}

1570 1576 1541 1546 151 1557 1561 1568717771778
4 159 1594 1600 10 1610 1616 1611 11 1 1

59 -1-857 1641 1648 1655 165 1664 1669 1674 1680 1685

ww

0Ww¹ffl¹w¹sswvwww⁶
'ssfflffifflfflfflfffflfflfflQffl

64 1905 1908 1914 1919 1914 1970 1977 1940 1946 1951 3 18
wwwwwwmmwwmm
66 1009 1015 1010 1015 101 10761041 1047 1051 1057 5 5.0
106 1068 107 1079 1084 1089 1094 1100 110 1110 ⁶ ³¹⁶
111 1111 111 111 1177 1141 1148 1157 115 1164 g 4²
69 1169 117411180 1185 1190 1195 1101 1106 1111 1117 9 *ἐξ

 

¹ 71 1177 1181 1186 1191 1196 1501 1507 1511 1518 1515
1 π m2mn3wwmw½²fiwffimwffi

243wffwmwwwww
⁹¹ 81 88 2322 18183111 88

94 1599 160 1610 161 1611 1616 161 1656 1641
1847 1651 165 166 166 1674 1679 1684 1690 169
1700 1706 1711 1718 1711 1717 1751 1757 1745 17

“ 81 1806 1811 1817 1811 1818 1875 1858 18441849 1854
4 81 1859 1867 1870 187 1881 186 1891 1897 1901 1907 1 0 5

mmmmwwwwwmm

 

5 5·5

mmmmwwffl

1966 1971 1976 1981 1987 1991 1997 5007 5008 50174,2
ωῇᾒῇᾒψμψωψμ*

Qsssswmwwmwmw
wmvwwmwwmw⁶

ξ 57 5555 5535 54545 5547 5555 5557 5555 355 3573 5579 9 45

 

051

mwfflQfflQmme
9²wm3fflwwwwmq2m
393mwwmmmmmwmw

, 94 3495 35555357746 35553 3557 3555 35553 357 5538 3544
ψ 1111 111 11 111 11 11 11
4 97 7777 55660 5666 5671 5676 7681 5687 5691 5697 7777

⁴ wnmmmwwmuw
*39Wfflwvwfflmmm3ffl}⁵

mmmm

810’31“’1 50” 3’11558107’
88οΞ 11618 88ἶῖ 888848
8131 16 10 8131145 10

8190311650 8190031145 0

 

 

