’ 15⁸
1 amm-mm· ’

30 9 9499899 6 9449988 6Ζ 9999999 9989999 6 9 30
99 9499999 ⁷ 9449999 6 999 99 9989 9 99
99 9499999 ⁷2 9449999 6ι 9-999 48 9989559 2 49
99 9499999 ⁷ 9449994 g} 0·55⁶7⁶⁶ 9989869 6 99
49 9499999 ζξ 9449999 66 9999989 998989 6 99
99 9499998, 6 9449999 66 9999999 9989889 6 99
31 9 9499994 76 9449499 6Ι 9999999 9989899 9 29
99 9499499 ⁷ 9449 99 6 9999449 9989899 ξ 99
99 96499999 ⁷2 9449549 3} 9999998 9989894 6 49
99 9499989 ⁷ ⁹'⁴⁴³}²4 6Ι 9999999 9989898 6 99
49 9499999 ζξ 9449 99 62 9999999 9989899 6 99
99 9499999 76 9449889 6Ι 9999999 9989849 6 99

32 9 9499899 76 9449998 66 9999999 9989849 6· 9 23
9 9999 ⁷⁵ 99499 9 99999 9999 ⁶ 99
964836966 7⁶ 9442} 81 3555 6 ⁷⁷8⁷82⁷ 6 0
99 9499 76 94449 66 99999 999 9 69
49 9498999 9444996 6ι 9999999 9989899 6 99

WQQQQ—fflfflfflss ¹⁰

33 9 9498999- 76 9444498 6Ι 9999949 9989899 6 9 27
3 313233 9 399499 9 2:323 3:33⁹ 9 3
99 9498499 ζ6 9444999 ἓξ 9999995 998998 6 99
49 9498999 944484 9-999999 9989989 ²0
99 9498949 7ζ 9444599 ἓξ 9999999 9989999 2 10 ,
34 9 9498999 ⁷ 9444949 66 9999999, 9989999 6 9 36
99 9498 9 ⁷⁵ 9449998 9994 99 9989994 99
99 9498558 ⁷2 9449999 ἓξ 9994599 9999998 2 49
. 99 9498944 ⁷⁵ 9449999 6Ι 9994893 9-9ξ9999 99
49 9499999 76 9449999 66 999499 99 9949 ξ 99
99 9499999 9449994 6Ι 9994949 9989949 6 99

---75

35 0 Qw 9449499 &QQQ 0 25

99 9499949 944999 9994489 9989999 99

99 9499999 ⁷3 9449 95 ἐξ 9994499 9989999 ξ 49

9 99999 9 999 4 9 9999 9999 99

99 9499949 976 9449549 ξζ 9994995 9989999 ⁶ 10

9 9

36 9 9499999 75 9449999 66 9994999 9989999 6 9 34

99 9499998 76 9ῴᾶ 66 9999999 ⁹⁷2³}ssss 6 996ι
²3 3:³33 ⁷⁵ 344599 ⁸¹ ‘0³:33 {3 539599 ⁶ 33*
59 9499994 ⁷2 9449945 {¹ 9-999999 9989999 ⁶ 205
99 9499999 ⁷ 9449999 6ζ 9999999 9989999 2 10

75—-

37 9 9499999 9449499 6 ffl2ffl⁶ 9 23

99 9499999 76 9449499 ξ, 9999998 9989998 99,
99 9499999 76 9449999 66 9999499 9989999 ξ 49
Ι99 9499999 ⁷ 9449994 6, 9999949 9989949 6 99
49 9499999 ⁷⁵ 9449999 6 9999999 9989949 6 99
99 9499499 ζξ 9449899, 6ζ 9999989 9989999 6 99
38 9 9499999 7⁵ 9449898 6ι 9999999 9989999 6 9 22
99 9499999 9449999 6Ι 9999999 9989999 6 99
99 9499999 ⁷⁵ 9449999 6ι 9999949 9989999 6 49
99 9499999 ζξ 9449949 6ι 9999896 9989999 6 99
49 9499898 9449999 66 9-99999 9989999 6 99
99 9499999 ⁷⁵ 9449999 6Ῑ 9999999 9989999 99

99 offlssfflffifflfflfiom

„mss ...-

99 9499996 75 9449496 66 9999999 9989988 6 99
²2 949Ἀέ 75 ⁹⁷⁷3ss 66 3699994 ⁹:33⁷} 6 ⁴ss
3 3323 ⁷⁵ 3⁴37 ³¹ 0333 3330 ⁶ 9
99 9499994 ⁷⁶ 9449989 {J 9-999999 9989994 2 10

---75

4⁰ 9 9499499 9449899 9-999999 9989998 9 20

 

75
¹ 7·5
¹5³⁰
5 ²²3
30.o
³76
4580

99ἔὲ ·
9999

 

 

