 

wwmwdfflssw4mwmwmw

 

Ιο65776 597 6258 6529 6499 6680 6862 7042 7222 7402 7582 50 “
20 277 7942 8222 8702 8482 8662 842 9022 9202 978 0 40
*waemfflm oewmwwmwv

40

50

wmwumffimmwwwww
w4fflmmw⁶mmwwwm

6500 6676 6857 7029 7275 7782 7558 7774 7720 8086 8262 50
mssmmffi178uwwmmffiwww
20 8080026 0292 07 0542 0726 0892 5065 2240 2425 2589 2764 50
40
50

50 2764 278 2222 2287 2462 2675 ’2809 2985 525755 0 5504 20
mfflwfflwwmwwsss28
mmmmvwmwmssemwhd

Azgfffffflfflmfflmffiffiffiffiw
Wovmmmoe⁶wm8w
20 809079 05899010759 20 2 2 2252 2422 2595 27852 52757 2204 70
w2mmm1wQssfflWu⁶ms Q
φΜΗΜψἫπῇωψε an
2οΜΝΜΜ2Μ2ΜΜ mmm
7777 7777. 7727 76ἓὲ 7856 8077 8777 8360 8528 8696 8865 50
20 8200557 0704 8831 2838 2882 387¹ t8538 ἓξὲξ ῗ8ε7>8 ῗέζξ ῗέἑῖ ἕξ
26ΉΨἪἭΜΜἮἪἪΜΗὯ
³ 4222 ⁴¹⁹ 2. 227 2 22 22 22 22 22
mum4wwsn³77⁶7ffi

MogfflwmfflmmwmQQmw
22 222224 8(8ἓὲ28 333? 82Ξί 834 22²⁷ 2223 222 {³329 {³31} 9821ξὲ r
2οΜωψΜψψ488ΜΜωΜΜΗΜ,
φ ΜΨΗΨ8Ἥ72Ἷ6Μ82ἘΗῬ27

smmsmmw2¹sswu³ ΜΗ

70 2725 2884 2047 2202 2562 2529 2678 2857 2996 5254 7725 20
sffwwfflmgmmwwfflffiffi4

-a— —Q——n ——--——

45 0 ⁶9²⁶ 7682 7248 2468 2262 2226 2826 8051 82¹¹ 8³71 822Ι
20 8552 692 852 9022 9272 9772 94 42 9652 9822 9972 5272 4ο
20 8220252 02 0450 0620 0769 0929 2 8 2247 2407 25662725 50

mwfflm⁶wwmm

46 0 6472 6628 6786 6945 7200 7257 7424 7572 7728 7885 8042 50

7 20 8042 8298 8555 8522 668 825 982 9278 9294 9450 9607 40
020 Qmmwm10mwwssmmffiw

τ 50 8252266 222 2477 26 5 27 2947 2099 2254 2409 2564 2720 20

222222222222822

47 0 5820 5964 6228 6272 6426 6580 675 6887 7042 294 48 50
7778 7502 767798 7808 7962 8224 8287 8422 8574 8727 88770
903² 9¹5 949ι 9⁶43 9796 9949 0¹0¹ 54545
70 8240 0558 0722 492887 2025 22672 29 242 2627 2775 292783
wwwwhmffiss⁶mw3wwmw
3mmmssmm8wfflmm⁶sswmwst

wmgmmffiwmwwmwffimw
m 2 007 mmmmm
wwfflmffimmffl wmwmw
2 WWWWQNJ0W4W ww

40 8250947 2092 2242 2789 2558 26 255 29 7 2252 22 20
w2uwmmmmfflffimwwmwm

wowwwgffwwwfflffifflffw
2097792222922
w mua Q7½wwmmwm⁶gfflss
ἒξ 8³⁶8ss ἓξὲξ 1523 3881882 ι239ἓὲ 22οἓ ἓξὲξ ²³3? 8536 2682 010

“”288666231110

W.. -.-„-..-—. ffi- -μ-,., rj—p-ffffi-A-——u-v-u-——u—*ss- -Ἣ

 

292

 

 

