21⁰
”maffia 7

m' 8
18 956995919993591955661765 9 2776 5

70 9567799 9599759 0400848 9968770 50
19 9567577 55 9599115 ⁶¹ 9499787 9968161 7 49
59 956741 58 9599175 65 9499715 9968155 59
55 49 9567481 58 9599556 66 9499664 996814 6 19
755 59 9567554 58 9599598 2² 9499691 9968158 3 10

3333 45 0 9517587 ⁵³ Q ⁶} 9499511 ·

. 4²48 10 9567640 66 9599590 0400480 9968799 8 50
1.0 ²0 956769 55 9599581 ⁶¹ 0-400419 9968111 7 49
875 5ο 8567716 55 9599645 2} 9499557 9968195 59
434 “ · 0¹4⁰0²9 ι9 20
54916 6868888 3585891155»ςὲ .⁶⁸ 58 10
⁴² 5917558 7771-5-55857--95-7571 5 6
32 9·ΞὲΞὲ59 ἐξ 9. 99949 ἓξ 08400057 9:96806‘1³ ξ 40
40 31344113 ⁵³ 33400032 9 83368 3138ἓὲἑί {2
50 9·568169 53 9.600133 ⁶¹ 0798867 9968076 6 70

’ ⁴3 ⁰ffl22ffi⁶ssfffflg 0 57
68 8888888 51 {ff ’57 6588778 8775719 8 59
“ 3¹7 5¹ 0599 3 9·9 11 40
30 9·568380 53 9·600378 ⁶1 0799699 9968009 ἓ 30
88 8888888 88 {QZ 61 3588566 9977974 19
’ “⁸‘- 57 -.---. 62 ·399500 Q 3 10
44 0 9·568539 9.6005⁶2 ⁶1 0·390438 9·9⁶7977 8 ο 16

 

10 , 55 --- ---
20 94547 ⁵2 77555 2¹ 357794 557755 4 75
30 9568697 ⁵³ 9699745 ¹ 9599155 9967951 6 ³0
40 9568759 ⁵³ 9699896 ⁶¹ 9599194 9967945 2 ²0
59 9568895 ⁵³ 9699868 ⁶² 9599151 9967955 ¹0

53—-¹1-·—--—8

9699919 95999719967917 9 15

70 9568908 ⁵² 9600990888,1 079 070 9967978 -9 0
20 9.568961 53 9607057 66 07984 9967970 6 5
70 9569074 53 9607779 66 0798888 9967 7 48
49 9569967 ⁵³ 9691174 ⁶² 9598816 9967805 6 89
59 9569119 ⁵² 9691155 2} 9598765 9967885 6 19

’68 66 9Μζζ56915566 ο.77194“7ῖ41“7671“ζ 0 57

Ξῖἷῖς {g 9579115 52 9691557 ⁶1 9598645 996768 50
0 75774 5 55575 1795157 977178 ⁴0
{²333 89 756956 ⁵³ 9691549 ⁶¹ 9888869 8868885 ⁸ 88
ΞΞΉ 70 9569478 55 ,9.607607 ἓῑ 0798799 9967874 ἓ 10

424 47 9 Q ⁵² W 5² 9598557 9967816 9 13

53—- -....-...-........9

19 9569541 9691714 9598176 9967817 3 59

 

33 31ξὲἓὲ28 8 3688Ξέ 8 333886 68881 ⁴⁰

40 9569699 ⁵³ 9691997 ⁶¹ 9598998 886871 88

59 9569751 55 9691968 ⁶¹ 9598951 9967784 6 10

58 9 9569894 {J 9691919 2} 9597971 9967775 Ξ 9 12
88 8888888 ⁵³ 8888888 ⁶¹ 888884 9967758 88
59 9569961 ⁵² 9691111 ⁶¹ 9597788 9967759 659
49 9579915 ⁵} 9691175 {¹ 9597717 9567741 6 19
59 9579967 ⁵ 9691554 ¹ 9597666 9967755 3 ¹0

-·--55--61--

: 49 ’9 Q 9691595 ⁶ 9597695 9967715 9 15

55----1---“--9

19 9579175 9691456 9597544 9967716 59
19 9579115 ⁵² 9691517 ⁶¹ 9597485 9967798 ⁸ 40
1 59 9579178 55 9691578 ⁶¹ 9597411 9967699 3 59
40 9579579 ⁵² 9691659 2} 9597561 996761 19

50 957977- Ξξ 9609700 Ι0797700 9967687 6 70
60 9 9579455 96917615

10 951771

⁶¹ 9597159 9967674 ⁹ 0 10

 

