00
lammam*

0400 ,4943848- 0400 Q 9999989 9 80

9998999 9999989 99

ιο 9949948 774444 23⁹³ 2.054342 9-999989 40

99 77979979 7779 7777997 {³2⁹ 91099989 9999989 99
ssfflfflmssmww
2342 --...-

-944

⁰ -7-'25-5283- ²3²9 7¹955¹⁰⁰ 9598 7944999 -9999-993. ⁰ 29 “

10 9999499 0400 9999498 004 9-949999 9999989 99
²0 9999999 0404 9999949 [4404 9949999 9-999989 49
99 9989999 000 9989949 000 9999999 9999989 99
49 9984 99 0030 9984749 0030 9999899 9-999989 99
99 9988 9 0000 9988 99 0003 9999999 9999989 10

0 7.968870 225⁶ 7068889 4454 9054444 9099984 0
sswwmfflwwffiwwss
9999999 00 9999 9 00 999999 49

99 9999899 0οΞξ 9999799 0οξξ 94994998 09999989 99
49 999989 0000 9999844 0000 9999998 9999989 99
99 9989899 2¹99 9989994 0000 ,90959948 9999989 99
9 9989999 0030 9989999 0008 9999949 9999989 9
8 438998 9999 788998 999 885842 484488 ⁵⁰
9 0000 99 9 0000 99 999999 49

99 998894 0044 9988989 0044 9999999 9999999 99
49 9999999 0044 9999949 0044 91999980 9999999 99
99 9999984 44 [92³3ss- 0044 9998999 9999999 909

...-.-21

⁰ 7'995¹9⁸ 9494 Q 2124 ΨΜ ⁰

99 9-999999 0004 4999949 0004 9999899 9999993 99 0

99 999949 0004 7999499 0004 9999949 999999 49

99 89999 999 89 0 9998449 9999998 99

49 8999 99 0οζ 8999 99 222} 9998949 9999998 ¹20
. 99 8999994 899999 9994984 9999998 99

——-· 207³ 1 2073 --·-

35 9 8999989 0004 Q 0004 Q! 9999999 9

10 9009954 9009979 99 9998 “ 9999999 99
20 8.011903 ²0⁵³ 8.011926 ²⁰⁵4 9998994 9999999 49
804 ²⁰44 8.01 0 ²⁰44 9-8600 -
{g 8993777 ²⁰³⁴ 8·0¹⁹⁷4 ²⁰³4 9989998 99979977
· 50 8049005 m 8098099 ζὲζξ 4984979 9999996 40

36 0 8.020021 2006 Q ²007 4979956

· ιο 8099097 494 8099054 ’9977949- 9999976
90 8094095 8

00808οᾙ9
49 8999989 04 8998994 ⁹7⁹ 1.97198{ 9999999 99
99 8999999 ⁹⁷⁰- 8999984 ¹⁹7⁰ 9999998 9999999 99
37 0 8054949 ¹960 8054945 ¹⁹⁶¹ 1.968055 .
99 8-999899 ¹⁹⁵² 8999899 ¹⁹⁵²!1·9⁶⁶¹03 9999999 99
99 8999894 ¹⁹4³ 8999849 ¹⁹⁴³ 9 9984989 9999994 49
99 899949 ¹⁹³2 8999999 ¹⁹³3 i 9989999 9999994 99
49 8999799 ¹⁹² 8999999 ¹⁹² ‘1-96029 9999994 20
5ο 8044599 ¹9¹7 8044648 Ι9774958599
38 9 8949999 ¹ 89499-99190779998499
99 8949499 ¹⁹⁰⁰ 8949498 ¹⁹⁰¹ ' 999499
’ ²0 ⁸·047294 {3³ ⁸·⁰4⁷3²¹ {33³ 9999999 9-999999 49
99 8949998 33 8949999 1⁸3 9999999 9-999999 99
40 8054054 ¹7 8054084 7 4948949 9999993 9ο
50 8059999 :323 8059949 {322 4047054 .
· ³⁰ ss·}--:2}2}}; ¹⁸⁵² {4322} ¹⁸⁵³ 00004 ζ
99 89 8499, ξξ44 8999998 ξξ4ἓ ’9949494 9999999
5ο 8. 314 4479 80 549 3 1.939658 .

40 8069449 4844 8069474 ἓξὲξ 495789

5⁰ Q 4845 Q 4844 ¹¹93
40 0 8065776 8065806

 

 

¹9

 

 

