 

 

50 0 9787700 27 9890004 44 0009798 9897508 ,⁶ 0 10
00 9787747 9890047 0009757 9897500 5ο
00 9787774 47 9890090 44 000970 9897487 ²7 40
70 9787800 ²} 9890775 ⁴³ 000988 9897487 ¹⁶ 70
40 9787809 ² 989077 44 0009800 9897450 ¹⁶ 00
50 9787858 ²⁷ 9890400 48 0009579 9897474 47 00

57 0978788744 Q ⁴⁴ 0·¹095³⁵ 9897408 ¹ 0

{g 9999970 7 9890508 43 WW¹ 50

4 57 ζζ 9890550 44 0009448 9897785 47 40

-70 97 794 44 9990595 2 0009497 9897789 {⁶ 70

73777787 ²7 3038777 4 3733777 7777777 17 ῗὲ
-- 07 -- 47 --- 08

520 9788047 27 9890707 44 0009075 9897700 4 0
ιο 9788077 98 69 070977 9897505 7 50
20 9788099 47 9890 77 43 070978 9897787 44 40
70 9788007 9890858 44 04009044 9897070 44 70
40 9788794 :7 9890899 43 0709707 9897754 47 70
50 978800 ,ζ 9890947 47 0009057 9897078 {2 10
53 0 9.788208 9. 0.109014 9897777 0

---27--44··-·--

10 978875 9897050 0708970 9897705 ΞΞ 50

70 9788777 47 9897075 43 0708977 9897789 40 ’

878878878888879
50 9788747 7 Q 47 0707797 4-,4-44444, 77 ,ο

54 0 ’77887757 ²⁷ 9890047 4⁴ 0·1087s³ 989ᾖῖ7 ¹⁷

10 9788797 {⁷ 9890090 ⁴³ 0008700 9897007 ¹⁶ 50
20 9788404 7 9890774 44 0008888 9897090 ¹⁷ 40
· 9890777 48 0008807 9897074 ¹⁶ 70
9897477 44 070857 9897058 44 70

9897464 43 0708554 9897047 ¹7 10

. -77-45 ....-.76

55 0 9788530 9890507 0008497 9897005 0 5

²7 9897557 44 0708449 9897009 16 50 Ι

9897 43 0708406 9896997 ¹7 0

9897498 44 0708567 ’9896976 44 40
989767 43 0708579 9898959 ¹7 70
9897775 44 0708775 9896945 44 70

44 0708757 9896976 ¹⁷ 0 4
9897877 ⁴³ o.108189 9896 70 ¹⁶ 50
989785 44 0708745 9896394 44 40
9897894 43 0.108102 9896877 ¹7 30

η 9897947 44 0708058 9896867 44 00Ι
50 9788879 2 9897985 43 0708075 9896844 47 70

57 0 9788856 1498477078 ⁴3 0707977 9890878 ¹⁶ 0 3
10 9.788883 2⁷ 9897077 44 0707978 9896877 ¹⁶ 50
20 9788970 7 9897775 43 0707 85 9896795 47 40
30 9788997 {⁷ 9890059 ⁴⁴ 0007840 9898779 ¹⁶ 70
40 978894 7 9897707 43 0707798 9896767 ¹7 20
. 9897746 44 0707754 9896746 44 70

..-... ,4

0

-—-—-.

9897789 2} 0707777 9896779
mfflwfflmffiffiss
30 978909 ²7 9897479 43 0707587 98366474 47 {g
40 9779004 ζζ 989048 2} 0007577 9898884 ¹⁶ 70
5ο 97 9057 989050 4 ·

10 9789707 ²⁷ 98979 ⁴⁴ 0707407
00 978974 47 989777 2 0707564
977777 :⁷ 7777 ⁴ ·

sofflgfflfi

 

 

 

