--mffiffl-„ffl-—q-..ffl Ὴ-..μἭῂ-ῂ ῃ 7

nummu—li 0

ΜΜΜΜΜΜΜΜΜΜΜΜ

ειΜΜΜΜΜΜΜΜΜΜ
00 0οΜῊΜοΜἫ 065Μ55Μ50
700οΜΜΜΜοοΜοΜΜ

0οΜΜΜΜΜΜΜΜΜΜ
3 55 590050 0065 0087 0005 0000 0040 0058 0075 0095 0000
’ 0008 004 0064 0080 0099 0507 0554 0550 0570 0587

55ΜΜΜΜΜΜΜοοΜΜ
0 058006 00 0607 0655 0655 0670 0688 5582 0705 0740

3 50 0000 0006 0004 0⁸12 0800 0847 08⁶4 0900 0917

60 0000 00 09 0047 0065 0080 0000 0007 0055 0055 0070 18
60 0088 05 0505 0540 0559 0576 0594 0400 0409 0555 1 33
6οΜΜΜΜΜΜΜο88Μο

’ 64 0640 0658 0676 0694 0500 0709 0746 0764 0780 0799 5 ⁵:
,⁶NJffifflfflfflwwwmwwm47
0995 0000 0008 0046 0064 0080 0099 0006 0054 0050 3133

,³ 65 0069 0087 0004 0000 0040 0057 0075 0 0 0500 0508 ω
6 0545 0565 0580 0598 0406 0455 50 5Ξ66 0486 0505 ΞΠ
0οΜΜΜΜΜΉΜἫοοΜΜο5

2470 590697 0705 0750 0750 0767 0785 0800 0800 0858 0855

⁷1287ffffimffiffifffflffiw
33 οὤ06ΜΜΜΜΜΜΜΜ’
ΜΜΜΜΜΜΜΜΜΜ

404ΜΜΜΜΜΜΜΜἮΜΜ
'⁷”mwwffffiffiffisswfflw
οΜοἩοΗ0οΗΜΗο

000000000000
'79ffifflfflffiffifflfflssffiffi

 

8οΜΜΜΜΜ450440000040406040841Μ17

,ΜΜΜΜΜΜΏοΜΜΜΜ
48οΜΜΜΜΜΜΜΜΜΜΜ

3⁸4wfflwmmmwmmmfffl
0000000000004
610

*3 QfinWWffiwWQQffl
084ὲὲ, {02233073323233223332323201229

2490‘396199517'6'2313353‘0'2'636‘28563-04'633ffi6350
000000000000
5 34 6400 644050 ⁶3⁵3 ἓξὲξ 6740 6844 6823 6844 6864 6444
06ΜἭΜΜΜΜἫΜΨΜΜΜ
3”ffifflfflfflfflfflfflssffifflffl

Ὶ0 ΜΨΜΨΜ5ΜΜΜΜΜ
οΜΜΜ8ΜΜΜΜΜΜ

J3wwmwmmmmmwmw

24d‘
04οΞ04000 0400 865040
0004000 2400: ''⁶5³²‘’

¹490=04¹30 04900-6550
50

 

 

