 

 

 

561 699858 551 741157 661 778877 651 817581 761 84 718
551 741959 661 79596 651 814148 761 846557
155 741715 665 7517 655 814915 765 8469 46955

554 745516 664 771657 754 717578 764 84 8575
55 744195 71755 57 1141 7 77 7
745675 781475 65 816964 7 48895

57778 715678 557 747855 77 785189 657 81756 77745479
5 74674 7874 658 81877 88856037
559 647411 669 7--8417 659 818885 769 85064

511 768471 561 7 48967 611 786641661 876761 711 85186
769776 567 74975 617 78677717 667Ι 876858 717 8574486
565 756568 615 7874 665 811514 715 855696-

764 75177 614 788168 664 877168 714 857698. r

75764 61 78885 877877 71 854766
{E} 757816 61 7669561666 663474 7¹ ⁸54913

75356 767 790467 667 664166 71 85 519
7145717187 7545 1 8 66 814776 71 75124

569 755111 619 791 -9-1 669 815416 719 856719

571 716656 611 795691 671 816715 711 85 955
571 75 596 611 7957 671 81569 711 75 55

515 71561 575 756155 615 7 8 675 816615 715 85915

714 79577757 774 718666 714 7777576
5487 ⁷⁹ 7574 666 866686 66683 869957

761176 67 797768 67 856589 72 861574
888 76178 678 79 66 6788 871756 778 867131
579 7616796619 7 651 679 ..⁸.....³¹⁸⁷⁰ 719 ⁸⁶²⁷AE

715695 581 764176 651 866619 681 8557 751 765917 -

77917 587 764777 677 866717 687 87774 7778 64511
717 585 7656 655 661464 685 854411 755 865164

654 861689 684 855656 754 77777

7777177477 68 757691 75
5457 85514 75

5 66638 1868786858ξὲ
589 6666695 589 ff 669 856119 759 868644

. 640 751594 590 776851 640 866186 090 858849 740 869151

541 755197 591 771587 741 766858 691 859478 741 77961777
541755 591 7715117841 555 691 846166 7418
545 75 595 775655 645 111 695 846755 745 866989

544 75 599 594 775786 744 &⁸22 7948 84159 744 7771577
777777w7 77

3468666139 59 66 666 646 6668686 666 846686 64 666661
549 759571 599 777417 649 64811145 699 844477 749 874481

mmmmmffimwm77

1ΙΜΕΜΜΠ 11 ¹

6

 

 

⁵oenffl, 0⁰ 87 20ss

777π6 916
80100Ι
656--61656

-7647ε61146

 

