--------.--v—.—-vv --v- ,ἡὴ -.-

ἷ-ῃ-ἺΑ-ψ-ψΜ-ψ-ῃ-ψψ

1 ΕΕΕΙΙΙΙΕΕ ⁹ 11·

51 -8491801 8911 8911 8991 8999 8951 8969 8979 8989
1’0000000000
8797 8808 8818 8818 8898 8849 889 8869 8899 8889

618900 8910 8910 8990 8940 8951 8 1 8971 891 8991
mmmmwmmmmm
fflwmmqwmmmmfflm
s9wwmwwwmww

0 fflfflwwmwwmwwmm

ffiffwwwfffffffffflu
Qwffihffiffiffifflffiwfflfflss

uwwwwfflfflffimwmm
Qfflmwwmwwwwwwwwwffium4

69 0011 0091 0041 0051 0061 0071 0081 0091 0101 0111 g gg

11εέ

9 6 0119 0199 0149 0159 0169 0174 0184 0194 0104 011
68 011 019 0145 0155 0165 0175 0185 0196 0906 09ιέ

0οΜὦψψψωᾚὼψωψ8

ιῃοῖῖμῖᾶᾖῖομῖῐςῐο4οᾗἱῐεῖΕΒῙ-οῖοςι1
71 ο9οἦξ9ῐο5ἶ60070οὼξ991ώο1ώ11ώ11
71 91 41 510661 71 81 91 01019 19
πωωψψψψψληη

¹ 74 6 0899 0849 0859 0865 0875 0895 0895 0906 0916 0913

33 ’11911111 2111811111 333} 11111111 :3³39
4 ’ 7 ,1199 1149 1160 1170 1180 1190 1100 1110 1110 ¹²3¹
’ 2 78 1141 1151 1161 1171 1181 1191 1901 1911 1911 1991
79

Δψψψψψψωωψω4
&wmmmwwwwww

-ι--ι--ι- —-———-.—-

81 1945 1955 1566 1976 1986 1996 1606 1616 1616 1699 ¹⁰
81 14 159 1669 179 187 197 19989 1918 1918 199 1 10
17 175 176 177 17891799 1 119119 199 110
1849 1860 1870 1880 1890 1900 1910 1910 1931 1941 ,3 3⁰
691951 1961 1971 1981 1991 1001 1011 1011 1091 1041 ⁴ 4⁰
1051 1061 1071 1089 1099 1109 1119 1119 1199 ²¹43 ξ {¹3
1159 1164 1174 1184 1194 1104 1114 1114 113 114 g 90
115 1199 1175 1185 1195 1905 1916 1916199 19 0
ψηψψψψψψψψψ

{gg 1569 1999 2& 1599 1609 1619 1619 9699 1650
27⁶1 {733³ {721 {791 :0221323222332 88 8ἑὲ

’ 94 1861 1871 1881 1891 1901 1919 1919 1999 1949 1959
ιῆψψψψωωψωψψ,

mwmwmmmwmm

916 9175 9186 9196 9106 9116 5116 9196 9146 9156

3863 3879 3²⁸3 388 393 ³3¹3 338 333Ξ 34 335}

”mmffnswum3m

————— ——-————

mssfflmwwmmmwmmmm

ssssfflflflfflm ¹³⁹·

⁴²0“= 1810 50“ 41 00“·= 11⁰48¹ 10

A 41 =1u 0 =1150 0
420=11110 4²00=¹¹5¹40

‚ 9 4180-11110 41800-115910
4190-11190 41900-11550

 

0
1ἱὶ ’³'

