 

 

nummu-1

mgffl

01 1575 1541 1557 1573 1589 166 1671 1637 1953 1669
8 mffifflfflffimefflffi
04 1667 1613 1639 1655 1671 1687 1163 1119 1135 1151
65 431167 1183 1199 1115 1131 114 1164 1186 1196 1311
66 131 1344 13 1376 1391 1468 1414 1446 1456 1471
3 2 8 1564 1716 1536 1551 1568 1585 1661 1617 1633

149 165 181 197 1713 1719 2745 27⁶¹ ²777 2793
09 *λδ-69. 1815 1841 1857 1873 189 2905 2921 2937 2953

11 3136 3146 3161 3178 3194 3116 3116 3141 3158 3174 17

nvmmfflwmmwfflwfflmw

mwwfflfflmmmwwfflwmw
14wfflmwmmfflwfflm
:wffiffiffiffiffiffiffifflffiffl

‘nwwwwwfflmwww
nwmwwwfflmwmm

1
2

3
4

ἑ

Ξ

9

10
7 3¹4
5.1
6.8
Q
10.2

{312
¹5=3

23 50411 50⁶4 5011175095 5111 5117 5145 5159Ι 5175 5191 ,

uQWQmWWWme
24wmwmwmmwwu7mw0
sssswmwmwmwffiwffl

23Qfflfflfflwmwwwffl
2 Qffffimwmwwwffi

19 6664 619 11635 6651 6667 83 6699 6115 6131 6147

31 6311 6338 6354 6369 6385 6461 6417 6433 97ξὲ 6465

31 6481 6497 6511 651 6544 6566 6576 6591
33 6646 6656 6671 687 6763 6719 6735 6751 6767 6783

34 6799 6814 6876 6846 6861 6878 6894 6916 6916 6941
μΜώΜηΜΜΜψΜῶψω
36 7116 7131 714 7164 7186 7195 7111 7117 7143 7159

wvmwwmwwmwffiwmffi
ss7mwwmmmmffmmwm
39W7mwwwfflmmm

2740 ffifflfflffl 7814 7830 181-8 'ff W 1891

41Ψῃψμψψῃῃψῳ
2} 8115 82³4} 8253 82} 81815 8455 ,8511 8457 843ξὲ 8568>

“memwwmfflmwww7
45 43 8541 8558 8574 8596 8666 8611 8637 8653 8669 8685
46 8761 8716 8731 8748 8764 8786 8795 8811 8817 8843

QQQQMQWQQQ
48 90¹7 9033.9042 10641080 909⁶ 9¹12 9127 9143 915
wmwmmfflmwfflw

2700“= 0⁰ 45‘ o¹' 27ooo'¹= 7⁰30* 0⁷
1716 = 0 45 16 17166 = 7 3¹ 46
1716πο451ο 27200=73320
²730 = 0 45 50 27300 ² 7 35 0
²w=0½w ww=7fiw

fl——ss

2

3
4

16

6614 17 1.6

w
W
64-

5 8.6

6

7
8

9

9.6
11.1
118

m

 

 

 

 

