 

34

 

lffl.

7 307030

, 5 477111

4 607060
7 697971
77 15¹

845198

37 497367
37 30 730

33 58 584
5384738

7 368707
5 579784
59 591165

N. 703.

8 78 8911951

58 707570
37 776003
53 78487

54 7515
4 7757
57 755877

5 76541
59 771851

785551
791591
799541

806780
877973
6 879344
7 761
69 838833

101 00 21
102 00

703 677837
704 017 3
70 077709

0853
773 119584

¹ 033483
09 03748

777 0.4337----3-6
777 04977

883 053070

7 5779

776 0644387

773 077887
889 075547

555775 “

75 787
733 784697
734 787377
855 890338
736 793773

87 ⁵925}

859 808397

767 706876

76 7 709373
763 77778

764 7748
77703
770703

76 777776
763 7733097
769 77787

900 75οιο5ο

707 303796 4
707 303337
803 307490

903 33ἒὲ
77 7777

119 511146

777 374787

233 {3339ss

114 551413
7 777

773 336460
558456
889 340444

70 845198 120 179181 170 151449 220 541415

77 837738
71 857551
75 865515

74 86911

8 887

7 886497
79 897617
87 908333
87 97374

83 9190*8
84 914179

441687 78948

37 959579
89 ὥ

988735

95 96 485
94 975118
7 777
115877 986771

997776
99 995655

Ν. Log.

777 087783
777 086360

115 189915
774 477

733 970
700377
773 703804

707770
779 770390

737 777777
737 770374
733 773 37
734 777703
835 830334

0833539
737

736377
839 79
839 843085

747 749779
747 73778

145 155556
{t} 788
146 164555
74 7777
749 773786

N. Log.

d‘ = 0⁰ 0' 0'‘

50=0050
100=0140
150=0230
200=0320

171 151996
777 73 378

175 15 46

874 840543ῃ
875 84303

17 6 845583 88

77 7777

179 737833

787 73767 9
182 26007 7

783 767437

784 764878
783 767777
786 769373

783 777847
78 774738
789 77 467

.-.....--

797 787033
797 783307
195 185557
794 787807

795 191157
9619115

39⁶}

199 198855

Ν, 1703.

230 561718

777 3 397
888 34 353
2²3 398305 ⁸

774 330748
733778
’3548

773 33607 6
777

737 363677
15 65488
155 567556

734 369776
77 7738

157 574748
88 787

747 387077 1 ’
747 383 603 ³
145 585
144 5875
845 3098 ’
140 390935 '

77 7777
149 Q

N. Lug.

 

..flu-„77⁴ ι-ῨΫἺ „dn-„dh ,γ ,.- . -..-.,-., μμ9 μ-Δ-,ᾃ 487--

 

