 

 

 

QNJQWQQWQQQQQQWW
773 9716 6037076 6047 7780 6777 777313 6179 61157311 67773 737720 30
19999999999111

50 705 709² 7129 7105 7101 7²37 7273 7309 7845 7301 7417

Ἡώᾞψψωψψωψψψψ9
¹0 11 9 9 11 9 11 11 8 89 8111
ssfflgffiwfflfflffiffifffflssff³
9 Q ½w0⁶wmmwwmwmmu
wwmww⁶wffmwwwwffl

WWWWQWQWWQQWQW
10 9937 9973 0044 000 0116 0151 618 0114 016 0 0195 40
Μ8Μ9999191999Μ99
991υ919ψ191υ99υ99999 1
40 1 1011 1048 1084 1119 1155 1191 1117 1161 1198 134 1370 10

50 1370 1406 1441 1477 1513 1547 1584 1610 1656 1791 1717 037

QWWQQQQWWWQ
10 10851 111104115 1191 1117 1163 119 1355 13701 7ξ7 1441 40
1ο 1441 Β1777 1713 1549 1584 1610 165761691 1717 1763 1798 30
wmssmwmwwwwmmmw
wsmwmwmwwfflmmmvw
wfflwwmmwwfflmmssffl

24 0 8111811 11111118 1111 4009 4144141811 411174111 4111 4111 9
w mwm4fffflwwwffiff4ww
999ΜἩ4ΉΜΨΜ 199
9ψ91 wwmmmfflwwmw
9 mfflffimmmwmsffwfflww
⁵0wmswwmfflwwmswmffl

QMQQMQQNJQQQQQJQwfflw

10 6777 6737 677376 684317 67347 6779 6717 6750 6977 7017 7777 77
919ψη99919ῃψ7ᾝψ9
ΜΜΜΜΨΜ119ΗΝ1Ή9
wmmw⁷wwmoewmm

26 0 877811---78 8149 8184 8119 8154 8190 8715 8360 8395 8470 8766
10 846 8701 8776 8571 8606 86414877 8711 8747 87817 40
wssw8nssmwwwwmwmw0.
111119411111114111611777 7787 7417 777914 7 7711 20 .
50

40 9520 9555 9590 9015 019 71 10

wwwwbww

27 0 8780111 0157 0191 0317 0361 0397 041 0670 01 0 7 0571 50
10 0571 06 07 064106 77 0711 0747 0771 017 51077 0911 4ο
10 0911 0957 0991 1017 1061 1097 1171 1167 1101 117 1771 30 8
³⁰ ’8Ξὲ {20⁷ {3⁴} 7Ξέ 88 {⁴⁴} 11191 88 {⁵} {²} 13
77 7971 1077 1071 147176 1711 1775 1180 1115 1770 1785 1770 032

ἵεῖῑῐῆἷῖξῑξᾷῖῑὶἔᾙῆῖῖέᾶῖεῆῐῖῑὸῖεο
10 1769331703 1778 1773 18087 1845 177 1911 1947 1971 3017 40
20 3017 3051 307 3111 3156 3191 3116 3161 3196 3730 3365 30
1999999919991
9 fflmwmumwu⁶mwmmffl

919Ἧ99949ω98ῶ19ξῶ97999
119Μ999ᾫ1ΜΗΗ9ὛΜΜΗ99
wvwffiqsffffimfflwmww
9 wdffiwfflffiffimffssfflmw
771 734 4061733 7117 63 777 633313 6348 6371164171Ῑ 6451 33’6777777

7819879

m———u———n-n

 

 

 

 

