¹ naumann Π
1 7118074181641814 1855 1841 1849 1858 1866 1875 1885 1

51 1891 1900 1908 1917 1915 1959 1941 1951 1959 1967
1 51 1976 1984 1995 1001 1010 101 1016 1055 104 1051
55 1060 1069 1077 1085 1094 1101 1111 1119 111 1156

1144 1155 1161 1170 1178 1187 1195 110 1111 1110
711119 1157 1146 1154 1161 1171 1179 118 1196) 1504
wmwmwfflmmmwmwn2m

mwfflwwwwwmm
ιψηηψωῇᾞυωψψ

1566 1574 1531 1591 1599 1 116 114 155 141

61 154 1941 1951 1959 1968 176 1984 1995 1801 1810 9
61 118116155145151 6016817718851894 4
81 1911 191119191911 191619441911 198119891918 ζξζὲ
ὁψψψωψωωωηψη4
1 1111911 11111 11 1191111 ⁴³· 3

11541111711191511111915

11181141 1111 1184111111811189 111 1116 1114 {ff
3mmwwfflmwmmnwwwssj,
Θψψψψψωψψψμώ1

Mwmwmwwmmmmwmffffl 4

v mffmmwfflwwmmww
³mwmwmwmwmu
73wwmfflwmmwfflss

uffiwfflwfflffiwfflww
4ν1111111116

q wwmwmmmwmmmss
7mmmmwmmmmwm
79wmmwwmmmmffl

wfflfflwm

Μψψψωωψῴψψψε
81 44 4506 451441 4514594 45646 475108
Qssmmw4mfflddfflwm

ffissfflaeaewae9wwssmgvff23
wmmmmffmffxffium
5414849 58 66 74 3432 49004993248

wmwwwwmwmww
msWwawwwm4
mmmmwmwwwmw

wmfflwwm
Wffifflmfflmfflwfflffl

ssfflmwffmemmw
vzwwmmwmwwmm

fflfflmmmwwfflmw
vffmsmffifflfffflffffi
mfffflwwwmfflwm

88 {³5² {³23 86 162 88 88 {33¹ 8ἔὲ {⁸3²3
WQQQQQQQQQ
5200 716002 ⁶012 119191 ⁶0³⁷ ⁶045 ⁶0⁵³ ⁶0⁶21⁶0⁷0 111

1640144244444436567884182.

510‘'=1⁰2'50'' 5100“= 14018 10”
5¹=1²0 51 =14200
510=12610 510οΕ141140
51 511610 51 ε141510
191111 νψεκηο

 

