-———·--—·--·-·-oe

‘”w123⁴5ffvffww

0 0 8718800 8840 8881 8911 8961 9001 9041 9081 9111 Ι9161 9101 50
1097118888888881
{g &fimf 7777, 7087, 0114 0164 0104 0144 0184 0514 0564 4 70
4088888888888888ᾞ mm ·
50 0804 0844 40914094100410441411141141104 059

1 0 8711104 1144 1184 1514 1564 1404 1444 1484 1514 1565 1605 50
10 1605 1645 1685 1715 1765 1805 1845 1885 1915 1961 1001 40
1ο 10011041 1081 1111 1161 1101 1141 1181 1511 1561 1401 50
50 1401 1441 1481 1510 1560 1600 1640 1680 1710 1759 1799 10
φηΜΜΜᾘΜΜΜΜΜΜΜ
w mmmmwwffwmmmmww

—-————— ..ι--ιι ———-

2gmffifflwfflfffflfflssffwwwfflm

QQQQQWQQQQWw
7888888888888
somm⁶1⁶wammfflffimwmmwffl

3 0 87199714 6011 6051 6091 6150 6170 6109 6149 6188 6518 6567 750
’0888888888887
77 7757 775 7735 7775 Ξ374 7353 738 75376 777 7577 7557 77

8888618888888

4 0 8718557 8576 81454 844 8555 8571 8611 8651 86 8719 50
10 8719 87698 870777 847 886 8916 8965 900 9045 5 9111 40
wmmfflwwwmfflmwwawmmo

37 9574 9553 957 9737 9777 9777 9749 9777 7777 97 749977
994 994 00150061 0101 0141 0180 7119 615 δ1 10

50 8750197 99060557 0575 0415 0454 0495 0551 0571 0610 0649 0677 055

5 0 8750688 071 0766 0805 0845 0884 0915 0961 1001 1040 1079 50
10 1079 1117 1157 1196 1155 1174 1515 1551 1591 1450 1469 40
10 1469108 1547 156 1615 1664 1705 1741 171 1810 1859 50
50 1859 1798 1957 19761015 1054 5 1151 1171 1110 114910
40 11 118 1517 1566 1495 1 5 1511 1560 15 165 10
50 165 1677 17161755 1794 1745 1871 1911 1949 1977 5017 054

6οᾙ88ω888ω888μ888ὡο
wumfflwmwmmwfi⁶37wmww
w wmmssmwmwffimwmmmmm
88Ὴ8888ω7 mmmmmwo
wmmssmmwmnssv4wmww
wwmwmwwwmssmzfflmm

70mmwwmfflmfflfflffisswww

m wmff7ffwpmmw1offlfflffi
10 6116 6165 105 14161 6519 6558 6536 6455 6475 61150Ι

50 6911 6551 6589 6618 6666 6705 6745 671 6810 6859 69810
m ⁶ffwQfflwwwffiwww⁶wwffiw
57 773 7377 73 739 7437 7475 754 7557 7597 7779 7777 052

ἶῆἧῆᾗψῇᾗῃὸᾦῇῇἪφ
{g 7077 7777, 8177 7557 8590744 8618 8767 877Ι 8777 8771843 8810 50
50 8840 8858 47797> 879589 58975 9011 9050 908ι 9177) 916 918910

ssfflQQfflfflffiffmQQmffl

———-—-—— -—-—————.—-

9 0 8759969 0007 0046 0084 0111 0160 9906
Μωψᾚιψπψπ

101

10 0754077110 0848 078610910965 10777065 1059 71077 7777 Ξ
50 1115 1154 1191 1150 1168 1 1544 1581 111 1459 149

40 1497 155 1575 1611 1649 181715 1764 1701 1840 18777010
50 1878 191 71954 1991 1050 106 11061144 1181 1111 1159 050

ww* ι ι tw ’11111117

 

