6 ΙΙΙΙΙΙΠΙΙΙΙΙΙΙΙΙΙΙ ¹²²·

01 2326 2322 2326 2330Ι 2375 2379 92344 2348 2357 2357
92 2362 2366 2372 2375 23 0 234 2389 2393 239 2402Ι
04wwwwwwmwmw

ωψψψψψψψψψη
ἓξ 98 2497 2502 2506 2527 25756 2520 2524 2529 2534 257 ⁸
mwwmwsssswmmwmmwss

288 2592 2597 2602 2606 2620 2625 2629 2624 2628
gg 253 22784 2642 2647 2652 2656 2660 2665 2669 2674
2

wsmmfflmwm

:1 23 2363 36 ²4}ss 3ξέ 2 2 ἓξὲξ 2 {3⁰3 ⁵

23 2859 2863 2865 2872 2877 2882 2886 2892 2895 2900 2 66167)

24 82904 2909 2925 29786 2922 2927 2937 29768 2940 2945 3 15
2222222222224

¹7 3040 3044 3049 3057 3058 3062 3067 3072 3076 3080 6736
06 3 5 3039 3094 309 3¹0 3107 3222 3226 3422 3225 77 73·5

19wfflfflfflfflfflfflfflffifflst}

7620 983275 3280 3284 328973293 3298 3202 3207 3222 3226

22 3220 3225 3229 323473258 3247 3247 3252 3256 3262
πμΜΜτωΜΜΜΜΜΜώ
03 3300 3315 3300 3304 33093 3333 3333 3340 3347 3351

mmmmm}mwfflfflwm
722222222222

07 3497 3495 3500 3505 3509 354 35¹8 63507 3507 3530
472222222222

fflsfflmwwwmwfflwffl

³1Wfflfflfflffiffffffiffiffi⁴

09 2675 3 2687 2692 2696 2702 2705 2720 2724 2729

30 ³71⁶ 3721 3705 3730 377ο 77798 3744 3743 37578 3757 Ῑ7·4

22Μ6ΜΜΉ7 ωᾞΜΜΗἫ

242222ψ2222η27
47222Μ222Μ2222024
εδἪψψψψωἫωψωψώΞΞ

ngfflQmfflmmfflfflfflw
7722222222222

77722ΜἻἽΜ22Μ22Μ227
72024Η222υ202242
ssmwmmwwwmmm

uwmfflmmfflmwfflw'
43wwmwwmmwmwmqffl
4 mmmssswwmuwwmumusss

4 wwwmwmmwmq
uf2wwmwwm⁶www
2 mmwmfflmwmssm

πιι2222220221474

9600¹'= 26 ’60 960006 .. 26040' 0'‘
9620.- 2 40 20 9620οε 26 42 40
962οε 2 40 20 9620οε 26 43 20
96303 2 40 30 96300

2ψτ4φω ψωεύλω

 

