Ι994

 

m mffwmwwfflfflwmmw
02m4mwwmuuww
wwmfflmfflwm

wammwmmssumw
uwwwmmwwffmff
ww smwwwmm

6176 609 6341 6375 6408 6441 6475 608 641 657
6608 6641 6674 6707 6741 6774 6807 6840 6873 1 34
wmmwmmww 825

---—-—-—--——-—- —--—- 3101

ummfflmmmmmww.

768 801 78

0 n mssfflmm
165 198 8331 8364 8397 8430 8463, 8496 8519 851

859 8618 8661 8695 8718 8761 8794 8817

15 118916 8959 8991 9015 9058 9091 9114 91
6 mwwwwmmss

0969 1001 1034 1067 1100 113 7
4 1197 1330 13 1396 1419 141 1994 117 1

1wwfflfflmmwwmw '

1888 1911 194 1986 1019 101 1085 1118 1150 1183 3 9.9 ’
111116 1149 111 1314 147 13 1411 1445 1478 9511 4131 ,
, mewmwwmQss w

⁴ 1871 1904 1936 1969 3001 3035 3067 3100 3133 3165 221 ²
ἢ μψψωω1οωοψψοήῲ
·“0οΜΜΜο1ΜΨΜΨΨΜΜ

 

Wwwfffflwmwwm
0000000000

00000000000 s
0 mthwfflmwan

6131 616446196 611916161 6194 616 6 9 6391 64 1 51
64646489 6116553 6586 6618 6651 666 6716 6748

fflwawwm7wmffl

*fflwfflfflwfflwmmwmwmj

’““ “”“““““’““”“““““”” 6191]

ψψᾝἪψΨψώψηΜΨω
,00000000000

’ 44 839948431 8464 8496 819 861 859 861 868 8690 941 J
45 1187117875578787 8819 8851 8884 891 8946 8961 9013

46 9045 997779ΠΟ 9142 9¹74 9²0⁶ 9²39 927¹ 9303 9995

fflwwssfffflwmwffl
13 3033 816398 330} 3123 3133 320} 3233 2239 3302

ζ
ηιηιεῃῃῃηῃῃῃη

1300''= 0⁰ 21' 40 13000'¹= 303'6' 40³
1310 = 0 21 50 13100 = 3 38 10
1320=0220 13200=3400
1330501110 13300=34140
1 1340εο1110 13400534310

 

 

