, 0 fflwnfflwffimmwwmumuw
vwmmwwmwmww
2¹0 mmmwwwwwwwmmwv w

mffifffflffifflwffimffiff
wwwwmfflwfflmww

'qfflfffffflfflfflwwffiffl
Qffifflffifflwffifflmffm

61 87 0011 0017 0014 0070 0077 0047 0049 0076 0061 0069 7
61 0075 0081 0088 0094 0101 0107 0114 0110 0117 0177 c

ς 67 0179 0146 0171 0159 0165 0171 0178 0184 0191 0197 ξ ¹

64 0104 0110 0116 0117 0119 0176 0141 0149 0177 0161 3 2
· 65 87 0168 0179 0181 0187 0197 0700 0706 0717 0719 0716 4 2
θόψψψψωψψψψψη

Qffwwffwmffffffi4
QQQQQWQQQQQZ
·wffiffiffiffiffiffiffiffiffiffiffi⁹
71 -067-7- 0679 0666 0671 0678 0687 0691 0698 0704 0711
÷wwmw000mmfflw
¹ 73 0781 0787 0794 3300 3307 017 0320 0816 0871 3339

. 74 0845 0871 0878 0864 0871 0877 088 0890 086 0907

’μψψψψψψώψῶψ
7 0977 0980 0986 0997 0999 1005 1011 1018 1015 1071

7 79 1077 1044 1070 1057 1067 1070 1076 1081 1089 1097 .
7 7 1101 1108 1114 1111 1117 1179 1140 1146 1177 1179
79 1166 1171 1178 1187 1191 119 1104 1110 1117 1117

 

³ 81 1194 1700 1707 1717 1719 1716 1771 1779 1747 1771 ⁶

81 1778 176 1771 1777 1787 1790 176 1407 1409 1417 1 c
¹ 33 1411 14 1435 1441 1447 1454 14 14⁶7 1473 1479 ² ¹

84 1486 1491 14 1707 1711 1718 1714 1771 1777 147 Ξ ἔ
3 8 871770 1776 177 1769 177 1781 188 197 1601 1 7
86 1614 1610 1617 1677 179 1646 1671 1679 1667 1671 ξ ἐ

Q Mfflwwwwfflmwwff
³ ἓξ 78 84 8Ξὲ {32} :333 11111717 {323 {123 9}

mffl—-u-——e-——n———n-

1901 1908 1917 1911 1917

11ᾞψψωψψψψψψ
91 1 1004 1010 1017 1017 1070 1076 1041 1049 1077
97 1 1068 1074 1081 1087 1094 1100 1106 1117 1119

¹ 94 1116 1171 1178 1147 1171 1178 1164 1170 1177 1187

. 1 9 871189 1196 1101 1109 1117 1111 1118 1174 1141 1147
l 96 1177 1160 1166 1177 1179 1187 1191 1198 1704 1711

1717 171

8 9 2330 1776 1747 1749 1776 1761 1768 1777
171 178 ²⁶

 

1101137110171111

6779”.-. 1⁰ 71’ 70’ 67 00“= 18⁰ 43' 0'‘
27 =15²40' 67 --18440

70.-.·17170 67799 184810
67 51770 67

6790 1117710

 

