      
       
     
       
         
             
   
             
           
       
              

1334 1341 134711334 ¹⁵⁶0 2⁵⁶⁶
²32⁸ 2⁶05125n¹2⁶17 262 2⁶30

2 2⁶59 ²⁶7⁵ 2681 2⁶⁸ ²⁶⁹⁴
1716 1731 1739 1743 1731 1731

 

 

 

 

 

 

3} 2323 3⁶ 3222 2³33 2333 333
²9¹7 2524 ¹⁹30 ²⁹37 1943 1949

g} ²3⁸¹ 1988 ²⁹⁹3 ³32⁰ 3007 3613
0, {133 {⁵:32 {532 {123 {3²32 {313
6810 3173 31717 3¹8⁵ 3191 3198 3163

 

 

 

 

 

 

 

 

 

 

 

 

3²3⁶ ³²4³ μμ] ³²5⁶ μοι 3333
3306 3307 3313 3319 3316 3331
3364 337ο 3377 3383 3389 3396
3418 3434 3446 3447 3433 3439
3491 348 3564 331ο 3317 3313
3335 33 1 3368 3374 3381 3387
36117 3613 3631 3638 3644 3631
3681 3689 3693 3761 3768 3714
3746 3733 3739 3763 3771 3778
33ιο 3³1⁶ ³8²³ 3⁸2⁹ ³8³5 3⁸⁴²
7 3874 3880 3886 3893 3839

3337 3944 3936 3936 39 3 399
41161 4607 4614 4616 4616 4633
, 46θὲ 4671 4677 4084 4696 ⁴022
- 411 4134 4141 4147 4134 41
4191 4198 4164 4311 4117 4114
4133 4161 4168 4174 4181 4187
4319 4313 4331 4338 4344 4331

 

 

 

 

 

 

 

 

      
         
         
           
       
         
             

 

 

 

 

 

 

 

 

 

²⁹ 4383 4389 4393 *⁹0² ἕξ 4⁴¹⁴
3830 ⁴⁴4⁶ Q ⁴⁴5⁹ 4463 Q 4478
3, ⁴510 45¹⁶ 4532 4319 4333 441
3² ὁ ⁴7³ ⁴3⁸⁰ 4 6 4ἔ9ἓ ⁴}ae ⁴⁶5
³³ 3744343645 4 ⁴⁶⁹

34 476ο 4767 4713 4711) 4716 4731
3 4764 4770 4777 4783 4789 4796
3 ει ⁴⁸27 4⁸³⁴ ⁴⁸⁴0 4847 4833 4833
³ 4891 4897 4964 4916 4916 491
3 493Ξ 4961 4967 4974 4980 498
39 361 3614 3631 3637 3643 363ο

 

 

 

 

 

 

5081 50⁸⁸ 501„ 510¹ 5107 5113

314 3131 3138 3164 3176 3177
3 - 3 311 3111 3117 3134 suo
3171 317 3183 3191 3197 3364
3333 3341 3348 3334 3361 3367
33 3463 3411 3418 3414 3431
34 2 3463 3473 3481 3488 3444

 

 

 

 

‚⁴1

ᾖ 33ἒ6 3331 ⁵2³⁸ Ἓξ ⁵3⁵¹ 3 37
⁴⁹ Q {23²3 {⁶3} ἑήν Ξεὲἓ Ξωῖὶ

 

 

 

 

 

 

 

57¹⁶ 57²2 572⁹ 573⁵ 57⁴¹ 57⁴⁸

  

   

 

 

 

 

 

 

