, 9800 -99-111-6-Ε5-111155 1159 1144 1148 1155 1157 1161 ΜΓ]
4 01 1170 1175 1179 1184 1188 1195 1197 1501 1506 1510

¹ 02 uss 19 uu 11 nv 17 nu 11 ww 91
0³wwfflwwwwwww

m mwwwwmmwwws
Qwfflmmwmmmwwmmss
492 1496 1501 1505 1510, 1514 1518 1515 1517 1551

Ι g} 156 1541 1545 1549 1554 1558 1565 1567 1579 1576 Ι
‘ 09 {32} {323 {333 {233 {222 {⁶43 {⁶3³3 1818ἰὲ8

 

, 11 171 171⁸ 1711ἱ1717 1731 1795 ¹740 1744 1749 1753 5
3 12 15 161 176611971 1975 170 1784 1589 1595 1597 ι
Y 15 101 1 1811 1 10 1814 1828 133 1 41

4 14 1846 1850 1855 1859 1864 1868 1875 1877 1881 1886 , ,
. , ἔὲ 99111111 8ἔέ 88 8ἔέ 8ῗὲ 86 :

151 571

' 1

4 11 1156 1160 1165 1169 1179 1178 1181 1187 1191 1196
· 11 1100 1104 1109 1115 111 1111 1116 1151 115 1140
; 15 1144 1149 1155 1157 1161 1166 1171 1175 11 1184

'a 14 1188 1195 1197 1501 1506 1510 1515 1519 1514 1518
ῑῑμ1111111111
sswwwwmwwwww
· 246111111111111

 

51 198 1601 1607 1611 1615 1610 1614 1619 1655 167
3 ³2 181 1646 1651 1655 1660 1664 1668 1675 1677 1681 1 0.4
· 33 166 1690 1695 1699 1704 1708 1715 1717 1711 1716 1 0.8

34 ²7³0 ²735 1759 174 1748 1751 1557 1761 1566 2770 ³ {¹}
35 99274 ²7792 3 18 1791 196101 18051101814 4

3⁶ 1819 ²323 1817 1851 1856 1841 1845 1849 1854 1858 ἓ {9
Α 3 ²863 28⁶7 1871 1876 1880 1885 1889 2894 2898 2902 ἶ
58 1907 1911 1916 1910 1914 1919 1955 1958 1944 2947 4
39 ²951 1955 2960 1964 1969 1975 1977 191 1986

 

41ffwwwwwffiwmm
42 5 5 9088 5091 5097 5101 5105 5110 5114 5119 5115
45 5117 5151 5156 5141 5145 5150 5154 5158 5165 5167
44 5171 5176 5180 5185 5189 5194 5198 5101 5107 5111
fflwfflffmffmwgffmwmmss
4 3² 3 4 329 3²7³ 3277 ³ 3 3291 3295 3300
‘4 mwwmwfflwwmmmn

fflmwmwfflnmmmffifflz

memwmmfflwmww

9800'¹ = 1ο 43‘ 10” 98000”-· 17ο 13‘ 20⁰

⁴ 9810--14550 981001--1710
m=2nw 9m=n1w
985οε145 50 98500-.-171810
1841111441 9⁸400=27200 '

 

 

 

