¹ ¹ '' Sin 8. Tang (5.0 cong 001 d. ‘²

20 ο 9661970 41 ,713386 52 0186614 9948584 n 0 40
10 9661011 971348 0186561 9948573 50.
10 9661051 4¹ 9713469 5¹ o.286511 9948561 ¹¹ 40
50 5660050 40 5115541 ⁵² ⁰'²⁸⁶⁴⁵3 5548550 ¹0 30
40 9661133 4¹ 9713591 5¹ 018640 9948541 ¹¹ 20
50 9661174 45 971364454 0186356 9948530 ¹¹ 10

21 0 9.662214 ¹4 9713696 ⁵² 0186304 9948519 ἓ 0 39

41———51————-

10 5660055 5115141 0086055 5548508 50
10 9661196 45 9713799 5¹ 0186101 994847 ¹¹ 40
30 9661337 45 9713850 55 0186150 9948456 ¹¹ 30
40 566051 45 5115500 55 0086058 5548415 55 00
22 50 Ι9661416 ¹¹ 9713954 55 0186046 9948464 Ῑὲ 10
0 5660455 5114005

¹0 5660455 ⁴⁶1³ 5114051 51 0085745 5548445 50
10 9661540 4 9714108 5 0185 91 9948431 ¹¹ 40
30 9661581 45 9714160 5² 0185840 9948411 ¹¹ 30
40 966111 ¹¹ 9714111 55 0185789 9948410 55 10
50 5660660 41 5114065 {¹ 0·28s737 5548555 10

23 0 9661703 9714314 0185686 9948388 ¹¹ 0 37

----40—-—-52 ---11

{ss ⁹'2⁶²⁷⁴³ 41 5114566 2 0085634 5548511 n 50

9. 61784 41 9714498 {¹ 019551 9948366 u 40
83ῑὲἓί85 4ο 3182588 5 318ξὲ35 8138ἐῇ 1Ξὲ
50 56605 - 45 5114510 55 0085404 5548554 ¹⁰ 10

——-11

24 0 W 4⁰ Μ ⁵² 0085516 5548505 0 36

----41 51 —----—--— 11

10 9661987 1 9714675 0185315 9948311 50
10 966301 4 9714717 54 0185173 9948301 ¹¹ 40
30 9663068 4⁰ 9714778 5Ῑ 0185111 9948190 ¹¹ 30
40 5665005 45 5114 30 ⁵} 0085110 5548019 55 20 =
50 9663149 4⁰ 971481 5 0185119 994816 10

——41-—2 Π

25 0 5665150 5114555 0085061 5548051 0 35

10 9663131 4¹ 9714984 1 0185016 9948146 Π 50
1ο 9663171 4ῗ 9715036 55 0184964 9948135 55 40
30 9663311 4 971507 52 0184913 9948114 H 30
40 5665550 4⁰ 5115155 5 008461 5548015 00
50 9663393 45 9715190 55 0184810 9948103 ¹0 10

· 26 0 5665455 ⁴⁰ 5115040 ⁵² 0084158 5548150 ¹¹ 0 34
10 5665414 4¹ 5115055 ⁵¹ 0·284707 5548181 ¹¹ 50
00 5665515 45 5115545 ⁵² 0084655 5548110 55 40
50 5665555 45 5115556 55 0084604 5548157 55 50
40 5665556 45 5115448 ⁵² 0084550 554814 55 00
50 5665656 ⁴⁰ 5115455 55 0084501 5548151 55 10

27 0 5665655555Ϊ5ἶ555ῗ55 0084445ᾖ48ἯΠ 0 33
*μω-ᾆθᾟῐῖιιςο

60 5525117 41 5115650 52 8 u

8815854 3ῑῖἷέ56 ⁵¹ 55ἷὲ85 3866Ξῖ ¹¹ 33
40 5665655 45, 5115151 ⁵² 0084045 554800 55 00
50 9663879 4 19715808 55 0184191 9948071 ¹¹ 10

2-----—---11

28 0 5665500 ⁴¹ W⁵ 0084140 5548060 0 32

——--51————--—--——-11

10 9663960 4⁰ 9715911 018408 994804 50
10 9664001 45 971961 55 01840 994803 ¹¹ 40
30 9664041 40 971 14 54 0183956 9948018 ¹0 30

4ο 5664081 45 5106065 55 0085 5 5548011 ¹¹ 20 ’ ’
50 9664111 4⁰ 9.716117 5² 0183553 9948006 55 10
29 0 9664163 4¹ 9716168 55 0183831 9547995 ³ 0 31

..mm-*52*

10 9664103 9716110 0183780 9947984 50
10 5664044 45 5116111 55 018510 5541515 ¹¹ 40
30 9664184 40 9716311 55 0183675 9947961 55 30 ,
40 5664505 45 5116514 ⁵² 0085606 5541551 '¹¹ 20
50 9664365 4⁰ 9716415 55 0183575 9947940 55 10

30 ο5ῗ664ῖοῖ555ῗ5ῖ6ῆ55ψ

’,Ι ”Ι Cos d. Cotg 001 Tang Sin d. ‘² '

 

0453545 5541505 0 30 . ·

