⁵2QQQQQQQQQ&
9 9029299292992009020299998
94 9189 9989 9192 9196 9201 9209 9209 9214 9218 9229
εμΜηἯὛἯΨΨὟΜᾞ
sww9mwwmmww

59 99690205990949929 9929299
5 ψψωΜψψ99ηῇᾒῇἒ

2199099999995
0 Qffffimmfflffiwwmmfflffi

91ΜΜὛΜΜΜΜΜ9ΜΉ
Wwwwfflwwwwwwm
⁶⁶Wwfflwmwmmwwff

Zssffiffiffiffiffiffifflssfflffid

QQQQQQWWWQQQ

9770 mmmmm& ⁹¹⁴

vmfflfflwwwfflwmw
2 99 998 9992 9999 0001 0006 0010 0015 0019 0029

τωωψψωωψψψώπ

¹ 74 0072 0077 0081 0086 0090 0099 0099 0909 0208 0912 ¹
7 90129 0129 0126 0990 0199 099 09 014 0152 0157

98 9 0169 0966 0190 0999 0999 0189 098 0992 0999 0209

99 0206 0290 0294 0299 022 0228 0292 0299 0241 0246
· 9 0290 0294 0299 026 026 0292 0299 029 0286 0290

79 ..ΞΖ-910299 0303 03 0312 0317 0321 0326 0330 0334

 

81 038 0988 0992 0999 0409 0409 0490 0414 0419 0429 4
82wwwwwwmwwww
83mmwwwwwwwww
9 ψΜ9999Μ992Ἳμο99ᾌ6Ἡ
ἠφώωψψωψυωηπυψψὸῐς,
86 5 020 0694 0699 29 0629 0692 0696 049 0649 ⁶ ²
8 0690 069430698 0669 0669 0692 0696 0689 0689 0690 9 2
88 0694 069890909 0909 0912 0996 0929 0929 0929 0994 Ι

 

&wwwwwwwwmwffl
9790 99 0989 0989ἷο992 0996 0800 0809 0809 0824 0898 0829
21Μῆᾘῶἧῆἧῶἦὼ

92 0891 0896408 0 0889 0889 0894 0898 0902 0909 0921
ae‘fflmwwwwmwmww
04wmmfflwwwwmm

99 99 9004 1009 109 901 9022 1029 9091 2099 2040 9044
9 1049 9099 109 1062 9069 9099 90991100 1084 9089

99 1099 1098991οέ 1906 1999 1999 9190999ἓὲ 1929 9999
9ᾙᾶὣᾙᾙᾏᾊωᾍῶ

9800 991226 12929129931299 9244 1248 9299ζ1299ἷι26231266

›1- mum-1111 9

Ι 972gn= 2ο ⁴²⁴ ³0¹⁴ ‘mbggua 2⁷0 ξι οη
ι Ι 929 9302
wuno w=wo
9790=24310 97900=271140

 

