mssqmmmmfflfflwmwmss
ι 01 845 8448 8460 8451 8485 8495 8507 8512 8550 8541
05 8554 8565 8577 859 8601 8611 8614 83 8648 859

04 861 8685 8694 806 8718 830 841 855 865 876 ’
gg 56 878 8800 8811 8615 8855 8647 865 86 681 8694

mmmmwmffl

&Qw

mmwwfflwmmwffl
wwmwmmwwmmm
wwfflfflfflwfflfflfflfflffi

fflwmfflfflfflfflfflfflfflffim

*u Wfffflwwffwfflwmmfflu
nwwwmmffiWWWWM2
sswwwwwwmemQs

Ήο00081110101
16 ξ7 3332 6667 191699 6666 0111 0156 0146 01ζ8 0169 0186 ξ’ ἓξ

15 0195 0104 0116 0118 0155 0151 0165 0174 0186 0198 ⁶ ῃ
’ὒᾙᾙᾙᾍᾌἋᾙᾘᾙᾙῧθ

1 3720 57 ο5451ἶ5-55ᾧῖζ5ἧῆξ9ᾞ 0⁶0¹ &HQ-&W 9108

11 0660 06510685 0695 06 18 0550 ζ(5541 55 15565
11 5576 078 0800 0811 23 55 046 58 70 8
11οψψψψψψψψψ
14 1010 1011 1055 1045 1056 1068 1080 1091 1105 1115
{Wffissfffflssffiffiffissffl

3 15 · 1555 1555ζ 1585 1594 1406 1418 1415 1441 1455 1434
QQQQYQQQQQQ

‘fflwmffifflffiffifflfflffiffiffi

51 1815 1857 1849 1860 1851 1885 1895 1907 1918 1950 ¹¹
51 1941 1955 19651977 198 1000 1011 1015 1055 1046 1 1.1
4 55 1058 1070 1081 1095 1105 1116 1118 1159 1151 1165 1 1.1

“ 54 1174 1186 1198 1109 1111 1151 1144 1156 1167 1179 Ξ {je
Ι 32 571191 230} 2314 ²323 2337 {329 23⁶0· :333 2384 2395 5 55
3 1407 141 1450 144 ²453 45 1477 4 5001511 555

ᾗ 57 115 1555 146 1558 1 0 1581 1595 1604 1616 1618 7 .7
, 55 1659 1651 165 1674 1666 1697 1509 1411 1551 1744 8 68 -
w wmmwwwmmwmmww9

fflmwffiffiffiffiffiffiffiffiffi

,μ mmmmmwwmwm
lummwwwfflwfflmw
441 Μωηωψμὼψῃωωψψμ

1u³ffmmwpfflmwmmmw
‘amffimmqmmffiffiffffiffifi
fiumwmmvwwaw

ssfflwfflfflfffflwfflfflffl
QWNJQWWMQWW
wmfflwwmmmmwm

 

 

1271 1

 

wwu: 100161 4011
, 57100 = 10 18 10

37200 = 10 20 0

3730 =11 2 10 57500 = 10 11 40
5540315510 37400=102320

-u—-d-*hm-——u-- wr—-fflu ψ

 

 

 

