*rm—-u--m—-ffl

³·
aum a· Qu

30 9 8789879 8788488 9999994 9999989 9 30
Ι 90 88609 444 88689 444 99996 88 0
. 90 8486764 344 8487947 340 9994893 4493733487 40
99 8-788797 ³⁴⁴ 8787999 344 9999479 9999989 99
40 8787050 345 8787866 345 9999974 9999984
50 8787797 343 8788990 344 9999790 9999987 90

344 -··“-·-·“·

0 8787776 343 8788554 9999446 9999989 0
· 90 8788078 34² 8788898 044 9999909 9999480 50
90 8788499 34} 8789949 344 9990758 999997 40
30 8788769 342 8789585 343 9990495 999997 70
40 8789904 34 878999 343 9990079 9999976 9ο

9 Q 55· Q 55 ..- 9

9 8789787 341 8799899 342 9999987 9999974 9
99 8799998 8799999 2 99949 9999979 99
99 8799488 340 8799997 {22 1·2 799 9999979 49
· 30 8790808 340 879969 1 9908769 9999970 70
40 8799947 ἐξ) 87999 {2¹ 9908090 9999968 90
50 879948 8799799 41 9907679 99 9967 90

o W 34⁰ 8799669 ³ 1.207338 .

49 ..-.-.-....-

99 8799987 ³³⁹ 8799999 9998 97 9999989 99
99 8799 98 330 8799 49 ³⁴⁰ 9998397 9999989 49
99 8799349 334 8799489 {12 9998997 9999989 99

49 8799989 33 8794999 9999977 9999989 20

8.7q3521 ἕξ ΜΞΞΞ 9905678

8794799

—---- 3

8799949 339 1 9994989 9999997

- '3535333 ³³⁹ {3323}ss 3:333155 33
79998 337 8798998 ζξξ 999944 9999999 ²0
50 8·795545 ⁶ 8798994 9999 -

-- 33 Μ7 ΞΞΞ ffiffl 0
8797069 9909979 ,

&757406 {3} 1.202594 9·595¹47 40

. {1⁷ 749 33⁶ 1.202257 5995046 30
9 50 8-797999 885 98397ἶὲ 997
0 W 555 W 55⁶

..ο-.-.-

 

 

90 8798979 9445 8799088 3³ 1.200912 9999949 50
· 8799499 ξξξ 9999977 9999949 49

Ι 8799799 335 9799795 9999998 97

999 5555 ,ο

8800970 . 4 9998909
20 880067 333 ,8809479 334 9798568 9999979 40
. 96 333 8809765 333 9998975 9999970
3 8899999 ³³⁴ 9997999 9999997
3 8809479 {3} 1.197568 999999
8809765 333 ¹¹¹97235 Q 0

} 8899998 33³ 9998999 99999999 99

8899479 332 9998989 9999994 49
850 21⁶ ³³1 5:555 ³³2 5:5⁶5} ⁹:555 55
84 8894948 330 8894497 ³³² 9949884749 3444999 99

οῑὸ-Οῖῇ-Ἠθῑὲὂῑῇὃ-Ὴζῑῇῖ

90 W'uo 8805090 1 1.194910 9999997 50

330 8899499 {20 9994979 9999999 49
3:507} 33¹ {333ss 9·999¹¹4 3⁰
8806499 {3333 1·193538

8806749 9997958

 

 

