-.ὢ-ψη,-

· 'ffnflffiuu 1’1’·

mefflw
02wmwmmqwfffflff
0 mmmwmfflmumwvm

wffwfflwfflmWQQW
m⁹fflwffifflfflQfflffi
853 8548 8565 8177 8595 8506 8550 8555 8549 ἓ999

{27 8595 8307 8555 836 8550 8564 8579 8599
422 8457 8455 8485 840 8494 8509 8505 855 8554

 

8755 855 8740 8954 8768 8783 8797 8819 8886 8841 Ι5 7
nmmmssmmwwmffln‘
8999 904 9048 9040 9055 905Ῑ 9088 900ο ⁹1¹4 ⁹¹2⁹ 2 ³23

{uomwwmmwmmmmmm3w
ssmwwwwmmwmmfflmw4w

wwmmfflwfflwwfflmg

9ΨΨΜὛΜΜἛΨΨΨἭ5
55005005000055.

. 3020 48 0007 0021 0036 0050 0064 0079 0095 0108 0122 0556

21 0555 0565 0579 05 0508 0555 0597 0555 0566 0580
22 0094 0909 0509 05 0550 03⁶⁶ 05 1 0995 0909 0494
f2swwmmwmwwmwmmw

40 0754
83 0898

5055 5057 5045 5055 5070 5084 5098 5555 5557 5545
5556 5570 558 5599 5555 5558 5595 5556 5575 5589

5375 535 5400 5454 545

Ι557 1572

5586 5600 565 5659 56 5658 5675 5686 505 5759 ¹⁴.
5759 57 575 5775 5788 5805 5859 5859 5844 585 5 59
93 575 5 7 5905 5955 5950 5944 595 5975 5987 5005 5 5.
34 5056 5050 5044 5059 5079 5087 5505 5556 5550 5544 Ξ ἔξ

485559 5579 5587 5505 555 5550 5599 5559 5579 5587 Ω
mwwwwmnwmuwh

mmmfflffi
558 5605 5656 5655 54

09Μψη9ψμᾞ70

559 5674 568 505 55 55.5
5805 5856 5855 5845 5859 9556

ψ 090550404
’ 43 3³02 53Ι 3³30 3345 3359 3373 338 3402 54ι

400000000044

5ψψψψψψψψψωψ’
wwwwm³wwffim
mm ⁶

w
mm

 

 

 

