fflmwmfflffiwwmw
wmmwwwwmmm
sswmfflwwwmmmw

”fflssWWWWWWWWWWWffi
ψ 88818Ξέ 8881888ἑὶ 88 48 88

wwmmwwwwww

ΝΨΨΨΨΨΨΜΨ1,
ΝΜΜΜΜΜοΜΜ

ξιψψψωᾛψψωηψό
1η11000011119
0086 0091 0097 0101 0108 0115 0119 0115 0150 0156 3 128
890141 0147 0155 0158 0164 0169 0175 0181 016 0191 4 ²4
0197 0105 0109 0114 0110 0115 0151 0157 0141 0148 ξ 3,0
0155 0159 0164 0170 0176 0181 0187 0191 0198 0304 7 73
10080100119
890411 0417
’0477- 0481 0488 0494 0499 0505 0510 0516 0511 0517 ¹ ,
71 055 0558 0544 050 055 061 066 071 077 083
1 0589 0594 0600 05 11 17 11 0618 0855 59
74 0645 0650 0656 0661 0667 0671 0678 0684 0689 0695
8οωοώ00000008010000 ν -
Wwwmmwww1w
77 0811 0818 0815 0819 0854 0840 0846 08511 0857 0861
7 0868 0874 0879 0885 0890 0896 0901 0907 0917 0918
w mwwwwwwwmm

8'4 1203 1108 1114 1110 1115 1151 1156 1141 1147 1155 ³ {g
75 891159 1164 1170 1175 1181 117 1191 1198 1505 1509 7 ²³5
wwfflwwwwwwwm
ῦιψψψψῃψψῇἪῃμξ
{13232331133 11¹3} 1324 181Ξὲ 1323 133⁶ 1332 415

91 195 1599 1604 1610 1616 1611 1617 161 1658 1645
91 1849 1655 1660 1666 1671 1677 1681 1688 1694 1699

Δ1705 1710 1716'1721 1727 1733 1738 1744 1749 1755

818819419918051811
7 95 89116 111 1817 155 1581844 150 1855 1861 1866

96 1871 1877 1885 1889 1894 1900 1905 1911 1916 1911

ψψωψψψψψᾞψ
41090010111

ml) 89109511100 110651111 1117 111171118 1154 115911145

ηιῃῃηῃῃῃθτμμμ

77 0” = 2⁰ 9’ 10” 77 00” = 11ο 51’ 40”

ΣἏἛἻΜἾΠ

w =NJw w :unm
w0=mw wss=uqo
,wmw w=mw
ww=ww ww=ussw

 

