 

       
         
           
      
           
      
           
        
        
        
   

ΗΜΕ-
1418 3414 340

3473 34⁸³ 3 ⁹ 3⁴⁹5
³537 3503 ³5⁴2 ³⁵55

wfflffiffi
³7¹⁵ ³7²¹ ³7²7 37³3

mwffimffl

  

³³²⁹ Q ³3⁴¹ Q ³³5³

 

 

 

³⁸⁹4

 

3947 3955 3959 3965 3971
⁴00⁶ ,οη 4⁰18 4020 φφ
4071 4078 4084 4090
4131 4137 4143 4149
4185 4191 4157 4101 4108
4144 4150 4156 4161 4166
4309 4315 4311 4517

 

 

⁶ θῇ 4375 4381 4386
4411 44 4434 44441 4446
4487 4495 4499 4505 ἶ

  

 

4547 4553 4559 4564

4⁶0⁶ 4⁶12 4⁶1⁸ 0⁶²4
53 4659 4665 4671 4677 4683
4715 4751 4736 4741

23⁷⁸ 4 84 4 90
sm 49οΞ 4933 4914 4910
⁴⁹⁶⁸

 

 

5111 5917 5035 505
5080 508⁶ 50⁹² 509

5140 5145 5151 5157
5193 51 5105 5111 511
5151 515 5164 5²70 517
5511 5317 5313 5319 5355
5371 5376 5381 5313 5394

540 5456 5441 5447 5455
5 9 5495 5501 5507 5513

5⁴⁸55⁴ 560 566 571
ἐζ513512515 565ἲέ3

 

 

 

 

 

 

 

5671 567
Q

 

 

 

 

 

 

 

 

 

 

 

 

 

