6 66 766 766 36 4 766 766 66 4 766 66 66 766 66

10 0 8 57 87779 79577 7988 8044 8099 8755 8777 87678 577 8578 8454 50
m Wm9mffiffiwwwmwm⁸ww
²0 990 9045 9¹01 9157 92¹2 990 9579 944 9490 9545 50
wmwwwwffae4ffwww
40 8580700 0756 0777 0766 0577 0577 04504 80544 05990654 10
50 0654 0770 0765 0870 076 0957 09 7047 7097 7757 7708 0

11 0 8587708 776778 7574 7479 7484 7559 7595 7650 7705 7760 50
10 7760 7878 7877 7976 7987 707 7097 7747 7707 7757 7577 4ο
50

 

70 777 7568 7475 7478 755 75 7645 769 7754 7809 764 50
w2Qmwwwmmmmffmmmw
wumwmmm⁶w69mmmmwmw

mmmwmwmmmmmo

wmffiwwfflwfflwamww
¹⁰ ⁵233 ⁵23⁷ ⁵¹3² ⁵²²} ⁵32¹ 666 ⁵³⁹¹ ⁵⁴⁴⁶ 6848ἐὲ 0666 ⁴⁰
8757 8778 8868 8757 8578 8450 8885 8888 6594 6649 67884 {g
6704 6758 6876 6867 6977 6977 7057 7086 7740
vwmmnmdfflwmmvffl

13 0 8 58 795 849 90 7958 8077 8067 8777 8776 8750 878
595 44 8507 8557 8677 8665 8770 8774 887
70 8889 897 8997 9046 9700 9754 9709 976 977 95774 9467 50
w NJmfflwwm1w9wmfflw
8 0070757 0785 079 07950 47 8407 0456 0570 70
0677 077607 7 0855 89 0945 0997 7057 0

14 0 8597057 7705 7759 7775 77677
70 7597 7645 7699 7755 1807161 7975 79 7075 7077 7757 40
20 7757 7785 7759 7795 7547 7407 7455 750 7567 76766 7670 50
50 7670 7774 777 7857 7
Mw³¹⁶wmm³1mQ
m⁶wmww⁶¹m Smm

wssw wwffiffffsswwff
s½m½⁶mws9mfflwmffl
8475 88488 8998 gg} 885815 6697 6745 8888 88

ΜΨΜἫἫἫἫἫ
wwsswm14nmuw

955 8609 8667 8775 8768 8877 8875 8978 8974 90
000000000008
gg 8. 608847 8880 8855 0506 0559 0477 0465 0578 0577 0674 06770

170 86006777 0750 0787 0855 0888 0977 0994 7047 1100 7757 7705 50
7705 7759 55778 754 7477 749 7577 7575 7678 7680 7755 4ο
40
50

877 7864 79778>

70 7755 77 7897 7944 799777050 7707 775 7708 770 50
50 7760 775 788 7479 7477 7574 757776 7697687 775 7787 70
7787 7840 797 7945 7998 5050 570 5 5708 5787

mffl⁶wmmmffiQmfflffiss

87 49 4999 650456 5097 5149 5²02 5954 55 549 54¹¹ 50
66 6000 060 .. 606 06 060 0 600 6
9954 4908 6540 09 450 95 47 99 055 404 45 10

ifflfffflw3fflwwmwfflwfflwfflw
w ffw⁶u⁶ssmmwwmwffmmw
3}
50

456 6675 6665 6777 6769 6877 6875 6976 6978 0

wssffiwwwfflfflwwmmww
000 60 00 00 606 060 00 006 00
6ηο0006800οωώο

wwwmwwmmwwwwmmww

wwfflwwawawwo

 

7466646 466 76646 766476 46 466 7666466

 

