Rjffiflflflflflflflbsfffl ζ

ΜΜΜΜἫἪΗΨΨΗΜΜ

οιωώψψψψωωωω
01 9144 9151 9161 9170 9178 9187191 9104 9115 9111
03 9232 9239 9248 9257 9205 92740923 9292 9300 9309

mwmmspmwwhwffww
28888088088

ΨΨΨΜΜΜΜΜΜΜ
mmwwmwmwww
QWWWWQWQQQQ

Qfflwwmwfflmfflww

mmwwwfflwwww9
11 700011 0010 0018 0057 004 0054 0065 0071 0082

15 0098 0106 0115 0114 0151 0141 0150 0158 0167 017 3

14 0184 0135) 0101 0110 0119 0118 0156 0145 0154 0161 5 2:7
70 0271 02 0288 027 0506

0558 0566 0375 0334 0392 040¹ 0409 0423 0427 0435 ,

 

0444 0455 0461 0470 0479 0487 0496 0505 gagg 0511
owwwmmwmmw
¹9 0617 0616 0655 0645 0651 0660 0669 0678 0686 0695

mwwffiffifffffffflffiffiffl
11 0790 0739 οξ08 0816 0815 0855 0841 0851 0852 0868
ssQmwssfflffiffifflQQ

15 701156 1145 1155 1161 1171 Q} 8888 ἓξὲξ 8805) m
16 1111 1151 1140 1148 1157 1166 1174 115 1191 1500

1509 1518 1516 1555 1545 1551 1561 1562 1578 1587
2 5 2404 2425 2422 2430 2433 2447 245 2404 2473

wsswwfflwwwffiww
5030 70 2568 1577 1585 1594 1605 1611 1610 1618 1657 1646

,υψ-,ψψἿ--.μῃ- 3

51 1654 1665 1671 1680 1689 1697 1706 1715 1715 1751

——..——.. ---,,,-,,, - *—

 

2 2742 w 2750 2ἔ67 1775 174 1791 101 110 118 1 αξ
33 1171514415516117017918871896190511.

mwwwwwwwfflw
55 7019 1008 1017 1015 1054 1045 1051 1060 1068 1077 “
56 1088 1094 1105 1111 1110 1119 1157 1146 1155 1165

57 1ἑ7ἔ Ξὲἓι 1489 148 1106 1115 1114 115171141 1150 .
²5 7 ²75 ²

41 2337 2325 2234 2343 1ἒ51 1ἑ60 1468 157711ἒ86 1ἔ94
2} :683 561158 5706 5755) 87ξέ Ξ75ξ 57548 5743 5758 5766 , Ι

1Ξ75 1484 1791 1801 1810 1818 1817 1855 1844 1855

45 70161 170 1878 1887 1896 1904 1915 1911 1950 1959
40 2947 2950 2904 2973 292 2990 2999 3007 3020 3025

mwmwfflwfflzww
wfflwwwwwwfflw
AQWWWQQWQWJ

1101713111411171911.

5000‘'= 1015102 50000“= 13053¹ 20'‘
5010 = 1 15 5ο 50100 = 15 ςὲ 0 4
5010--11540 50100--15540
5050 = 1 15 50 50500 = 15 58 10

 

