 

 

oomffwwwmmmwwwwfffflw
10 9798 99 899919 9959 0000 0040 000 0110 011620140
10 8710101 0141 1 0511 0561 0 1 0441081 0511 0561 0605 50
sowwfflmwQQQmmmw
40 1004 1044 108 111 116 1105 114 1185 151 15 140
50 1405 1446 1488 151 1568 1606 1648 1686 17 17681808

1 0 8721806 1846 1886 1916 1966 1007 1047 1087 1117 1167 1107 50
w mmmmwmwwmmwffiww
wmwwwwwwfflmmww
5007 5046 5086 5116 5166 5106 5146 5186 5516 5566 5406 10
Wmfflffifflfflmfflwwffwo

ἳοωπωωωωψωωωωωψωφ
4wwwwwm4ffiwfflwwwww
wwmwmssmfflwwwmww
mmmwffim ⁶mmmmw
mmmmmffln 1ωψ9
19161516171 510 550 590 6419 6469 6508 6548 65

3 0 8716588 6617 6667 6707 6746 6786 6815 6865 6905 6944 6984 50
w QWmewmfflmv⁶mmwmw
1ἫΜΜΜΜἫὲ1ΜΜΜ
7775 ΞΜ 554 5835 7975 59768407 66 8056 670 8670 60
40 170 109141 8446 8 6 8515 8565 10
50 8565 8604 8644 8685 8711 8761 8801 8841 880 8919 8959 056
AowQssffwssmwmmmmmsmomaenw
1ᾞ15Ηηψπωψηω1610101460
- 10 974 976 9186 9904 994 9981 0011 6061 0100 0140 50
8770640 0679 066 865 0697 077 0778 0465 0454 0577 60
0555 05710611 065006 050 0719 0768 0807 0847 0915 10
0915 0964 1004 1045 1 1 1111 1161 1100 1159 1178 1517 055

5ssmwfflffiw15mwmwwsswmw
7, · 177 7116111 6117661111 17ξὲ 7746 1317 6671117 765ξὲ
50 141 1551 1570 1609 16 16 171 16804 1844 188510

ιφ mewwwffimss3¹pwmw

‚mmmwmfflwfflmfflfflwd

ssswmmwfflwwfflwwmmwmo
wmwwmww
54⁶m⁶7⁶mmmNJM0

71650 5065 5105 5141 5181 5110 10
wmswmmmwwwfflw
fflms⁶⁶mmfflwmmwwffl

6055 6074 6115 6151 6190 611 6168 6-0765-456584 450
15 4616006 57658 6618 6655 68 67556 771 40
6771 4681064 68 6887 89187 6965 7004 70417 7088 17110 7158 50
Μ6ΉΨοΜΜΜἮΜΜΜἘΜΜ

Μω611ωῶψψμωῃψω.
ww ⁶mfflwwmwffl

ΞΘ 0 8758517 8556 85 845 8471 810 8549 8587 8616 8664 870 50
10 870 8741 8788 881 8857 8 6 8954 897 9011 9050 908 40
9667 9685 9605 9646 9686 9769 975 9738 947594 9475 70
WwwwssswawvaQw
11 wmwnssm wffl⁶ssffffiw
057 2 051

0 8740616 0664 0705ιη 0741 0759 0818 0856 089 0955Ι 0971 1009 50

1009 1048 1081105115 1101 1159 117 1754 1595

159 1451 169154 1584 1611 1661 1 1757 177 50
17781814 18588190 1919 1967 1005 104 1 1110 1158 10
115811961155 1175111 1549 1587 1411101 1540 10
wwmffisswwwffi2 aumffl

 

 

