331

1 n sin d. Tang (40.4 0017 mu ’Ἰ 1

10 0 Q 32 9815180 4⁶ 0.184720 Q 13 0 50

*μ-

10 9778080 2 9815716 0184674 9911755 50
20- 9778111 3³ 9815771 49 0184619 9911741 14 40
³0 0118145 {2 0815411 46 0184581 0111111 14 10
40 9778177 ² 9815467 46 0184577 9911717 14 10
50 9778109 {2 9815509 2⁶ 0184491 9911700 13 10

11 0 9778141 9815555 0184445 Q {4 0

—32--45—

10 . 82 ,81 ,8 . 4

wfffflghfffflQffissffl0ss
70 9778778 2 9815697 46 0184707 9911644 14 30
40 9778770 32 9815779 46 0184161 9911671 13 10
50 9778401 3 98157 5 4 0184115 9911617 14 10

9778474 ³: 9815871 42 0184169 9911607 ¹4 0 48
10 9778466 3 9815877 1 0184117 118 ¹4
wmm0mm0mwssffl0ffi
30 9778571 31 981969 41 0184071 9911561 14 0
40 9778567 3² 9814015 41 0187985 9911548 14 {0
50 0118505 ξ 0818081 ⁴⁶ 0181010 0011554 14 10

W ⁴⁶ 0181801 Q ζ 0 47

20 9778691 33 9114153 41 3113414 91911507 14 ⁵0
30 0118114 ³² 3818141 ⁴⁶ 0.1s{755 31111441 14 {g
40 9778776 3} 9816191 41 0187709 9911465 14 10
50 977878 9816776 45 0187664 9911451 13 10

ἐξ Qssg 0187618 Q ζ 0 46

. {g 977ξὲ71 9816418 0187571 9911414 50
30 3238'917 33 9818510 41 0187480 991176 14 7ο
40 9·73⁸949 ³² 0818588 41 0181474 0011145 ¹³ 20

= 0111111100ῑὲΜοοῑῑο

45 0 0110011 0818858 70181541 0011155 0 45

10 0151045 ³ 0818104 ⁴ 0185108 0111141 ¹⁴ 50
10 0111011 ³} 0818150 42 0181150 0011111 14 4ο
10 0110101 ³2 0818108 4⁶ 0181104 0111111 14 30
40 9779141 3 9816841 4 0187158 9911700 13 20
50 9779177 33 9816888 2} 0187111 9911186 14 10

uofflQ

4, 3² 9816474 41 0187516 9911410 14 40

16 0 9779106 3 9816977 0187067 9911171 :4 0 44

----.71---46--------4

10 9779178 ² 9816979 6 0187011 9911158 50
11 0110110 ³2 0811015 46 0181015 0111144 14 40
70 9779701 3 9.817071 4 018119 9911171 13 0
40 0111114 ³² 0811111 4⁶ 0181481 0111111 14 ἶο

ssfflfflssfflfflffifflQfflfflssw
0

17 0 9779798 32 9817109 4⁶ 0181791 9911189 1
{g 0111470 32 ⁹33¹⁷²⁵⁵ 4⁶ ⁰·¹{²}4⁵ 0011115 1} 50
977941 32 917701 4⁶ 01199 9911161 1 40
. 30 0111414 2 9¹8¹)347 0181851 0111148 4 30
4ο· 9779516 3 9817791 45 0181608 9911174 14 20

50 9777578 ἐξ Q ἓξ 0181561 9911110 14 10

18 ⁰ Q 32 Q 4⁶ 0181516 Q :4 0 79

10 9779611 9817570 ⁶ 0181470 9911091 4 50
10 0110854 ³² 0811518 4 0 1414 0111010 ¹³ 0
. 70 9779687 33 9817611 4⁶ 0. 81778 9911065 14 30
40 9779719 3² 9817668 ‘lg 0.18232 9911051 14 20
50 9779751 ἐξ 9817714 45 0181146 9911077 {4 10
19 0 ,1111785 32 0317759 4⁶ 0181141 0011011 1⁴ 0 41
ssfflWvfflffi0fflfflssff
10 0110811 ³² 0811801 4⁶ 0181111 00119141
40 0110111 3² 0811041 4⁶ 0181051 0011088 10
50 0110041 ³² 0811085 4⁶ 0181011 0111054 14 ιο

---71---46-------14

’ 20 0 0111015 0818015 0181085 0011040 0 40

’ ..Ι-(4.0. Tang sin d. '' '

0

 

