7ἙΠΠΕΕΕΕΕΙΠΜΕΤ1

¹ ,1400 146118 6159 6196 6111 6151 6183 6314 6345 6336 6463

61 6438 646 469 6566 63951661 6593 6614 6655 6686 ⁶7¹7
3 61 6348 63 39 616 6 41631 6963 6934 6965 6996 3613
,Qw79mwv1mmmmm

“MWMWMW7M7QWW
*MMMMMMMMMMMM

.
.,16666666166613

,1
“ 09 8911 8941 8973 9003 9034 90⁶5 909⁶ 9127 98588188 ζ {3²

'mumwwwwm3wmwswum

ss wmhfflfflwwwwmmwgffi
12 35 986 9913 9958 9988 6619 6656 6681 6111

13 15 6141 6133 6164 6134 6165 6196 6313 6353 6388 6419 8ηέ

14 6449 6486 611 6 41 6531 6663 6634 6664 6695 6316 9,1.39
,15 15635 6383 618 649 OM 9916 6941 9933 1661 1633
γ 1 1663169411155115511 1131143 13 13691339

M

3139 1466 1431 1499 1491 1513 15541584 1615 1646
‘mMMMMMMMMMM

² 21 1594 1615 1655 1686 1316 1343 1333 1868 1839 1869 30

= 11 1966 1936 1961 1991 3611 3651 363 311 3144 3134 1 30
²3 3²05 3²35 3866 329⁶ 3³27 3357 33⁸ 34¹ 3449 3479 2 66

6μᾞωῇ666ψυ666ᾗξ

,MMMMMMMMMMMfflJg

*²gmmwff4fflffwwwwffl.o
*2 66Ὴ66Μ4616666666

 

mmwfflwwm

‘vswwwmwfflssmmwmmu
.1186666666666
1161Η66Η646ΗΗ

6549 6539 6616 6646 6636 6361 6331 6361 6391 6811
³}WMMMMMMMMMMw

ss {fmmfffffffflffifflfflfflm
239MMMMMMMMMMW

---··----·--- ··---····-·· 4;.116

umeMMQMMMMMQ

1 41 8664 8694 8314 8354 8385 8815 8845 8583506 8965 8935 69174
;6 ΜΜΨ666666ΜςΜ
1 43 9866 669888 9327 9357 9387 9417 9447 9477 9507 9599ς {M
983

 

 

Wawwfffflwfflffl
986898988 991 9958 99886618 6648 6638 6168 6138

- MMMMMMMMMMM
'‘MQQ⁰”MMQMW3MM

¹ 49 166 8076888111 1158 581188 Ma 8848097 1138 1368 88388

 

“muz 002392011
1416 == 0 13 36
’ 1416 = 613 46
1436 = 613 56
1446 == 0 14 6

 

 

