 

 

 

- 51 8151 8155 8165 8169 8175 8181 8188 8194 8500 8506
ssQMvQQQMmQQNJMff
ssmfflwwwmwmmm

ssmwwmfflfflmmfflw‘
ssmmwwmfflmfflmmw4w

56 8559 8565 8571 8577 8585 8589 8596 8601 8 8214
QMMQQQQQQQW

8682 8688 8694 8700Ι 8706 8711 8719 8715 8751 8757
sowwwfflffimfflwww
8835 8841 8848 8854 8860

61 -886-6- 8871 8879 8885 8891 8897 8905 8909 8915 8911 7
ἓῑῇψψψωψψψηψη
1ΉΜΝΜΨΨΜΜΜΜΗ

g4wfflmmmwfflwmmm
⁶WWQQWWWQQWWM
mm9wwmmwmmm

QWWWWWWWWWWQ
1100000000009

- --------- 9

Wfflfflwwwwwwwmm

1 ψηώἫπὛΜΜπηψΜψπψψθ
wssmsmwwmmwffmmff
7awwfflwfflmwwww

QQWWWWWQQQQ
1νο001000000

sswmmwmwwfflffffl
Qfflffimwwmmwww

7080 Q 0039 004⁶ 0052 0058 0064 0070 0076 0081 0088

διωῶῆῆἧῆἧῇὦῇό

81 0156 0161 016 0174 0180 0187 0195 0199 0105 0111 1 c
83 . 0117 0115 0150 0156 0141 0148 0154 0160 0166 0171 1 1

84 0179 0185 0191 0197 0505 0509 0515 0511 0518 0554 Ξ ζ
Qmwmwwmwmwwmfflmmms
86 0401 0407 0415 0410 0416 0451 0458 0444 0450 0456 ξ 3

87 0461 0469 0475 0481 0487 0495 0499 0505 0511 0518 5 4
w Qumwmwmmwmsswfflonffiw 1
89’ 0585 0591 0597 0605 0609 0616 0611 06ιέ 0854 0640 9 5

0701

91 0707 0714 0710 0716 0751 0758 044 0550 0756 0565
91 0769 0575 0581 0787 095 9559 0 5 012 0818 014
95 κ0850 0 56 041 0848 54 1 0867 0875 0879 0885

mwwwmwmwwww

wwmwwwwwwwm
96 1014 1010 101ἒ 1051 1058 1044 1050 1056 1065 1069

95 1075 1081 1087 1095 1099 1105 1111 1118 1114 1150
9 1156 1141 1148 1154 1160 1165 1175 1179 118541191
99 ,1197 11051109 111611111 111 1154 1140 11461151

7100 85115891164ζ11714117741185 1189ξ119551501 15074151]

ΊἘΗΞ ι90351 ο11
1ώτ100. 1 εηψω
105190 Ἦξεηψω
7 :15 0 7 =1940 0
7090=15810 709q0=1941⁴0

7w÷ssffff

 

