51 1153 1171 1190 1308 1317 1345 1369 1381 1400 1419
Q QQQQWWQ41QQQ

⁵3fflwwwwwwwmffl
. 54 1806 1815 18 z} 1861 1880 1899 1917 1936 1954 1972

55 371991 1009 10 1046 1065 1ο 1101 1110 1138 1157

. 56 1175 1194 1111 1131 1149 1167 1186 1304 1313 1341

73 529

71

*wawm

617ωῆωωψψψῆΜΨΓ

1 g³mffimwmQQ3QQwQQNJQH3

, 7QWQQQQQQQW

2544 1561 15611617 1636 16541673 1691 1710
1718 1746 176 31801 1810 1838 1857 1875 1894

67 39993 3114 3133 3151 31710 3188 3106 3115 3143 3161 ¹9 7
83 3387 3335 353 318 3330 3403 34873 445

83
64111110711777777771771

ὦ 7Μ777718777Η7777

m
&4³2WQQQQQWNJ2QMQ
61747Μ777ωω671ωψῷ7

WMWWQQQQWWQQ

71wwfflmsQffiwm §QW
⁷² ⁵¹¹2 {Q Q Q 78511185 {Q {242 88

msQQowmesmmmeQ

[ 77 6019 6047 6066 6084 6101 6121 6139 6157 61796 6194
178 6111 613 0 6148 6167 6185 6303 6311 6340 635

7fflmwmwwmmwwwffl
7 ΜΜΗΨΗ77Ἡ7ΜΜΜ

6736

379⁶QQQQNJQQQQMQQMQQQ

7 81 6759 6778 6796 6814 68316851 6869 6887 690506 6914

2380 37 6577 6595 6613 6631 6650 6668 6686 6056 713 6741 8
1

81 6941 6960 6978 6996 7015 7033 7051 7069 708 71061 18

'⁸3mwmmwwfflmmmfflffl

*mmmmwmmwmmwwm

7

789 78167834 611918

11 77777Ή771177Ή77Η7ζμ

Μψψωψθ

2QQ4QWWQWQWQQWM

8053 8011 8089 810 8115 8143 161 810 818144
8116 68134 8153 8171 8189 8307 8315 8343 8361 83 9161

91 8580 8598 8616 8634 8651 8670 8689 8807 8715 8134

’ 91 8761 8779 8797 8816 883 8851 887 0 8888 8906 8915

93Q8Qsmmmwwwwwm

jQ91wQNJmQWQ3QmQW
wQ379Q24Q42Q⁶0Q78Q9⁶9414Q329Q1949

7 memwwmwmeQo

ἶἯψΜΜψψψψΉψψΜψῐ
{Q wffifflwwwwsswwm2

99 38 0030 0048 0066 0085 0103 0111 0139 0157 0175 0193
,2177) 380111 0119 0147 016670184 03010310 0338 0356 0374

,1.01111576111111.

135053 00 39 10⁴ 1350οε 60 31’ 400
136οτ 0 3910 136003 6 33 10
71 =ww 2w=⁶w
23 ἕψω 2Q=⁶w
QijQ 1ψῆΜ

hm -η-Ἦ-ᾟ-..ῇῇα-σ

6

 

 

 

