4

ΕΙΙΝΕΕΕᾙΕἘΠἙΕἯῌ

ΜΜΜΜΜ
9639ΜΨᾞΨΨΜΜΜ
ἐς 3733 3799 85098 513 8423 8553 85573 84⁵3 3653 3575

³54mmmmmmmwfflm
7 99 69 8988 8998 90089018 9098 9098 9048 9058 9068 9078

³ 5

56ΜΜΗΜ9

9088 9098 9108 9118 9198 9198 9148 9158 9168 9178

{fflWmewmmmmWW
5 wmwwaewwaenwwwwaew
59 9161 9591 9407 9417 9427 9441 9441 9451 9461 9477

ΜΜᾟΜΜΜΨΜΜΜΜΜΜΜ
61 9386 9969606 9616 9696 9696 9646 9656 9666 9676 10

69ΜΜΨΨᾛΨΨΨ

Μ mm ΓΜ

359 220

659

ΙῗΜΜΜΜΜΜΜΜΜΜψ

69ΜΜΜὼοΜΜΜΜΜΜΗ.0

. {a 6640084 0094 0104 0114 0194 0199 0149 0159 0169 0179 z 92

0183 0199 0909 0919 0999 0999 0949 0959 0969 0979
6 0989 0999 0909 0919 0999 0999 0949 0959 0969 0979 9 3¹0
69 0989 0999 0409 0419 0499 0499 0449 0459 0469 0471 9 90
4370 640481 0491 0501 0511 0591 0591 0541 0551 0561 0571

80109939Η>70010601 0611 0691 0690 0640 0650 0660 0670
10 90

³ 75 0119490199ωο019353901 590490590669

087 08 08 0918 0998 0998 0948 0958 0968
9Ξ 64097 098 0935 (ῃ 1018 1098 1098 1048 1057 1067
10771087 1097 1107 1117 1197 1197 1147 1157 1167

3ffl434333333

474 1³³⁵ ¹³95 120⁵ 141} 122⁵ 1119111114

3330 641414 1464 1494 1594 1514 1514 1544 1544 1555 1565
9ωῆᾗῆωῆῆῆῆψ9

89 1791689169910911919919914915916910
89 1771 1781 1791 1501 1511 1591 1591 1541 1551 1561 9 1.

1871 1880 1890 1900 1910 1990 1990 1940 ¹950 1950 3 37

Ξμ9333993333μ

8⁸} 9168 9178 9187 9197 9907 9917 9997 9997 9947 9957 99 59
8 9967 997 9986 9996 9906 9916 9996 9996 9946 9956

nmwmmwmwmmmmzss
&wamuuwummssuwssumuu ’

69 79 9589 999 9609 9619 9699 9699 9649 9659
999569 9579 9689 9599 9999 9719 9399 999 9741 951

9761 9771 9781 9791 1 9811 991 90 9840 50

9860 9870 9880 98 900 991 999 999 9
{WQ2ffiwff2fffflwwffim
3053 3077 30⁸ 7 3097 3¹07 31¹7 71²7 3¹37 3¹47

9156 9166 9176 9186 9196 9906 9916 9996 9995 9945

56 3355 3465 3275 3435 3695 3305 3364 3344 3534 3344

99 3554 5564 3574 33⁸4 3393 3403 34¹3 3423 3433 5445

-n—-t-u-—n

mmmwffimwmmmmw

unumunuulluuw,

49οἐ1019’”90 4300‘'= 19ο

450 ,9455556 550οΞ19849ἓ

49491190 49 519100
499οε11910 4799009919 1140

ὠ,

 

 

 

