ἱ

Tang 4⁰

‘⁰fflwvfflvwffwfflwwffl

10 0 8862433 2462 2432 220 2549 2578 2607 2636 2665 2634 2723 50 ἰ ,

20 2723 2752 272 20 239 268 2837 2926 2955 294 3023 40
00 3003 3040 3070 3000 3009 3058 307 3000 3045 3074 3303 30
03ΜἨΨἻ2ΜΨΜΜΜΨΜἮΜ
φε3ψω2ωἪψψΜμΗΜ2ω
50 3 3 3900 3940 3970 3999 4008 4057 40⁶ 4005 4044 4073 049

ssfflwmwwfflffmwffmmw
xoufflwum4ffl4⁶½m4wmww
wmwoffismfflwmmwwww
wwfflswmmmwwwmw
wspmmffwmmmmwffmfflfflhww
φ wmmwmfflws

wfflffiffiffi

10x 624 222

mmmm&

““““““23ῖῑοῐῑ3οῖοῐὴῑῐῆῐᾱῑῖο“ῖῖ3ῑ 2ο
⁶ 2⁶10⁶ ⁶²⁶3 2³⁰⁹ 8ἐὲ 80 280 8ῗὲ 2⁴⁵} 2⁴⁶ 0
36 6769 638 68ξὲ 6856 633} 6923 6966 6976 7600 7638 7656 {0
ww&

mfflmffimm7

fflfflwmfflffifflffiffiffiffiss
30wffssffffQfflmmmww

8664 8693 8722 8750 8779 20
mwwmwmwmfflwwm

240.

⁶mmmmwwmwwwffffi.

 

Wwwmmmfflwmmmmwwfi

¹⁴12 *020 ῖ“’”ῖῗ2ζῖῖ1“ 332⁷ ἶ
992 9952 990 000 0037 0066 004 022 0252 0260 0 30
8870208 0237 0265 0294 0332 33352 030 0406 0437 0465 0494 20
ᾙἙᾛῊἈᾼᾌᾍἙᾝἨἈ
15 0 8872064 2092 2222 2249 2278 2206 2235 2263 2292 220 2349
20 2349 2377 2406 2434 2463 2392 229 234 276 2 5 2633
20 263 2662 2690 2729 2747 2776 204 232 262 2889 292 30
30 2926 2946 2975 2003 2032 2060 2088 2227 2245 2274 2202 20
40 2202 2230 2259 2287 226 2344 2372 2402 2429 2458 2486 20
50 2486 2524 2543 2572 2 2628 2 56 2685 2723 2742 2770 Q

16 0 8.8‘72770 2738 2827 2855 2883 2922 2940 2969 2937 3025 3054 50 7
ωψψψῳηωγῶξῐ

mwmmmwwwmw
mmm&
mwmwmwwmmwwmw
wsmwmfflwmwmwwmmm
4fflwmmmmww

0 3309 3

www wmwfflwwmmw

*m wmffimwmfflffl
iwwmffiffiffwmwwmmwmmw

 

w memwmwwwwffww

mummwwfflwssmnffww
ξςἪωψψψωῶψμἽΜιω
5 2 5909 5937 5965 5993 6022 6050 607876206 234 6262 Q

18 0 8876262 6290 6229 6247 6275 6303 6332 6359 638706426 6444 50
6444 6472 6500 628 656 684 623 6642 669ἲ669 6725 40

20 6725 6753 6782 609 6638 6666 6894 6922 6950 6978 7006 30
w mmmmmwmmwmww
wfflmmffmfflwmmwffw
wwwmwfflfflwmmmmmst

iwfflwwmfflfflfflwfflmfflfflwo
20 229 8257 8285 223 242 8269 8297 8325 8537882 8409 40
20 8409 8437 8465 8493 822 849 877 8605 86338662 8689 30
30 8689 8727 8745 8773 802 829 857 8885 8923 8942 8969 20

wsswwwwwwmwmmwwmw

sowmmmwmwmmwwm‘

„4 2 72 277727 „ 27272 „,

ι-ι-ι--ιιι-ο--ι- —u-——n———m

ΜΨ m

 

