 

 

 

8750 34000830003· Ι0008 0003 0008 0033 0038 0043 0048 0033

, 30 0038 0063 0068 0033 0038 0080 0083 0030 0033 0000
Ῑ 30 0003 0000 0003 0000 0003 000 003 0040 0043 0030
, 33 0033 0060 0063 0030 0033 000 008

34 0003 0000 0006 0000 0006 0000 06 0040 0046 2251
33 34 0036 0060 0066 0030 0036 00800 086 0030 0036 0300
0 mnumnuwnvwnwwnss

’03ᾗᾞῲῃψῇψψψη
⁵9QQRQQQQQQQ

8760 04 004 000 2514 000 0004 000 0004 0000 0044 0540
w1ff2qffffl2fflfflfffflffffx.

60 0030 00300 080030 68043048
63 0633 0638 0663 0668 0633 0638 0683 0688 0630 0633

u ψωψωωψψψᾞωωωμε
mewmwmmfflffifflww
⁶

7 0030 0033 0000

ψωψψψψᾚψψψ“
ψψψψψψηωψψι

wwwmmwmmmmimw

0οΜΜΜοοΜἪψοΜ
723mwwfflmffiffqgffl
04ΜΜοΜοΜΜΗοΜ

34 3038 3003 3008 3000 3003 3000 3003 300 303 3040
ßmmWmmfflWmwmwssmm
ssWfflmfflwWfflwmnw

77fflwwfflfflwwfflfflw
ῖὸψψψψψψψψψψ
wsfflwmlufflufflwmwmw

8780 943495 3499 3594 3509 3514 3519 3514 3519 3534 3539

&stQOQ6ffimfflffw⁴·
sszwwffimsswwmfflmmae

,0 ψώωωωψψηωψῃηψᾙ8

400000000000

x 83 3840 3846 3830 3833 3860 3863 3830 3835 3880 3883 3 ..

‚⁸mww,mwmmmwmae2
mewwm3mmmww7mwss.

{wffwwwwmwmfflffl

’ 30 8 4033 4038 4000 4003 4000 4003 4000 4003 4030
93 4137 4141 4147 4151 4157 4161 4167 4171 4177 411

94 4166 4191 4196 4201 4006 4000 4006 4000 4006 4330
'⁹NJQQQfflfflssffiffiffiff

9gssgmmmwwmmwfflwffl
-00000000000

omnununluuff*

ι 870⁴'=2⁰2'50''- 8333.οΞ 2401'820'
83 000 εο4000
830 =22610 Ξ30οε040040
83 εο0600 83 --040300

·8330εο0630 833000004030

 

 

