4991

4 9918677 44 0081393 9886369 48 0 24]Ι
9918790 0081980 9886344 50
9918 63 43 0081937 9886397 :g 40
[⁸01 19 4449948 49 334ἷῖ48 4ἶῖἓὲἶοῖ 1 ³⁰
gg 448οΞ1445) ἓξ 3318891 43 008114599 3886944 44 43
² 9918934 44 0081066 9886957 :g 0 19

Ι918977 44 0081093 9886939 50
9·919020 43 0080980 9886999 :g 40
40 9899191 ²⁵ 3343414494 44 {Q} {322ssss 17 {2

50 9805318 :⁶ Q 43 0080859 9886169 44 10
⁵ 9919191 ⁴³ 9989899 988815 J} 0 18

10 9805368 ἔξ 9999934 44 ’0080766 9886134 50
20 9899994 9919199 ⁴³ 9989919 9888119 ¹} 40
9899419 ²⁵ 9919919 ⁴³ 9989889 988 ¹ 30
²2 9919369 4² 0080638 988 9 ¹7 20
9919499 ⁴³ 9989999 9888989 34 10

ζ 9919448 44 ’98899-91 9888949 ¹ 0 17

9-919491 44 9989999 9-888999 ⁵ ,
9919534 43 0080466 9886019 40
9919999 ⁴³ 9989419 9889999 ¹} 30

9919619 44 0080381 9885977 ¹

 

 

⁴3—---·17

9919948 9989191 9889919 50
9919 91 ⁴³ 9989199 9889 ¹⁸ 40
9919 94 ⁴³ 0·0801⁶⁶ 9³85& ¹3 30
9919876 44 0080194 9885879 ¹ 20
4 9-919919 ⁴³ 9989981 9889899 33 10¹

 

9919981 9989998 9889899 44 0 15

10 9899814 44 W 44 9999999 9889819 50
19899 1 9991899111 9894 81
49 9399999 {g 9919199 ⁴² 9999 89 9889989 ¹7 {2
99 9 99918 9919198 ⁴³ 9999814 9889949 ¹⁸ m
3⁵Q⁴³WW¹⁷ 0 14
{g 9·9202⁶2 44 BBJJJWW ¹8 5ο
9919993 4} 9999899 9889899 J} 40
11999, 4 9999 91919 1 ³0
1 4491114943 9993989 Q 44 43
9919498 44 9999914 Q 1} 0 13
4 9919919 9999481 9889899 50
19 9344968199 *23 9919981 2} 9999498 9889991 {g 40
99 9- 199, 44 991994 44 9999998 9889994 1 ,ο
49 9ξ994 44 ⁹1⁹²32⁴⁷ 43 9999999 9889999 lg 20
99 9 19 99199- 9999919 9889999 10

ἔξ 9919999 44 9999989, 9889911 J} 0 12
9919398 44 9999114 9889994 44 5ο
. 999019 0079181 9885486 . 40
30 9806330 {5 9990861 44 0079139 9885469 3
49 9898999 23 9919994 ⁴³ 9999998 9889491 20
989891 44 9919941 2} 9999999 9889494 ζζ 10
9898498 44 9919999 9999919 9889418 4 ο 11
221⁵ 1 20 3:³32& ²2 31331333 4182ζὲ42 3:333? 11 ⁵⁰
1 30 9806449 4 999111 43 00784

 

 

89 98853644 :g {g

20

³ 40 9806507 45 9991161 43 007883 9885346
Q 2} Q ⁴³ 9998994 Q J} 10 ¹

9898999 9911149 44 9998999 9889911

 

